0.11900141835212708,0.03215238684788346,-0.0595170131418854,0.0019044229993596673,7.956336048664525e-05,0.004425900522619486
1.7267729468528614e-07,1.713234153374309e-27,-1.1155233637857864e-10,1.505106409738212e-17,2.3526187942213284e-11,1.76909725604403e-28
-4.702270403504372,2.943982556462288,-0.1418534549884498,0.0019958950579166412,0.008726515807211399,-0.38643181324005127
1.7267729468528614e-07,1.323967598019779e-24,1.2114764920412302e-09,-4.928362736019028e-16,-7.703481186283057e-10,1.898019059484385e-25
5.069686099886894,0.3425390459597111,-0.11651191161945462,-0.005615563131868839,-0.0036925110034644604,0.08754497766494751
0.0075379030022304505,-0.002972723450511694,-0.06864714669063687,-0.0001289557112613693,-4.347572030383162e-05,-0.0003092792467214167
13.851310312747955,0.38732741959393024,-0.08608081843703985,0.0028828815557062626,0.0006175448070280254,0.0355350486934185
1.398945413529873,0.21600262261927128,-0.11037460062652826,-8.508926839567721e-05,-0.0002032529446296394,0.051331307739019394
0.008961564890341833,0.0036295336030889302,-485010.05859375,-0.015336555428802967,0.005918181501328945,-0.0019588458817452192
-0.4849940072745085,0.041405134834349155,-0.09279850637540221,0.0035808307584375143,0.0027641819324344397,0.119747094810009

0.0075379030022304505,-0.002972723450511694,-0.06864714669063687,-0.0001289557112613693,-4.347572030383162e-05,-0.0003092792467214167
13.810347020626068,0.41016736067831516,-0.09510999661870301,-0.0010090379510074854,-0.0028013531118631363,0.034046754240989685
0.34471936523914337,-0.08003392722457647,-0.12455428950488567,-0.00011259072198299691,0.0013333464739844203,-0.0017325964290648699
-2.373063564300537,-0.5035449285060167,-0.21662081126123667,0.001535161747597158,-0.010094893164932728,-0.38517996668815613
0.6846254225820303,0.09232875891029835,-0.08998210541903973,0.0032950383611023426,0.0010853648418560624,0.024946941062808037
1.4289413578808308,0.21597533486783504,-0.1117975334636867,-0.0010955246398225427,-0.0008010602323338389,0.049922555685043335
1.7267729468528614e-07,2.15004828578892e-23,0.0,-2.920888298279232e-15,-4.565615441265436e-09,6.667386106611953e-24
15.77157974243164,0.5534016527235508,-0.09150421828962862,0.0026848141569644213,0.0008019474917091429,0.046708714216947556
13.851310312747955,0.38732741959393024,-0.08608081843703985,0.0028828815557062626,0.0006175448070280254,0.0355350486934185
9.0526282787323,0.17120129195973277,-0.1847477862611413,-0.005566501058638096,-0.00295101385563612,0.03406579792499542

15.700842440128326,0.4979550838470459,-0.09296963107772171,-0.001952435472048819,-0.004001344088464975,0.04860697686672211
1.7267729468528614e-07,2.15004828578892e-23,0.0,-2.920888298279232e-15,-4.565615441265436e-09,6.667386106611953e-24
15.093536674976349,0.04504531098064035,-0.0942045880947262,0.0018508333014324307,0.0002312152792001143,0.02398010902106762
1.4525716185431747e-07,-2.5383581347959705e-08,7.055459948918097e-10,2.7975889338449633e-07,8.748658264848275e-13,1.6740554775740435e-10
5.502273887395859,0.9863973595201969,-0.11359850177541375,0.008707760833203793,0.006930005270987749,0.21321982145309448
1.2539311811110565e-07,5.467441166473463e-07,-1.6601880759026244e-06,-1.7132413177023409e-06,-4.561212847420393e-07,-3.273703796935479e-08
-1.483496930450201,0.09816623060032725,-0.09327317820861936,0.0037506832741200924,0.00252152094617486,0.27481725811958313
9.05139148235321,0.15044620959088206,-0.17738491296768188,-0.002821950940415263,-0.0014615091495215893,0.030682306736707687
6.836921721696854,0.8493218570947647,-0.09565124637447298,2.552414298406802e-05,-0.001087742974050343,0.12778230011463165
13.712438941001892,0.4447233397513628,-0.09357409435324371,0.0036753774620592594,0.002465630881488323,0.05739971622824669

15.77157974243164,0.5534016527235508,-0.09150421828962862,0.0026848141569644213,0.0008019474917091429,0.046708714216947556
1.7267729468528614e-07,2.15004828578892e-23,0.0,-2.920888298279232e-15,-4.565615441265436e-09,6.667386106611953e-24
-2.1715527400374413,-0.1402404741384089,-0.09001482394523919,0.0068302578292787075,0.00408589793369174,-0.2631831169128418
5.629859119653702,-0.38780428003519773,-0.13656350784003735,0.00022487975365947932,0.004711386747658253,0.009336438961327076
23.233649134635925,-30.86077868938446,-36141.156005859375,-1.2434132099151611,-2.504814386367798,-0.12052623182535172
1.7267729468528614e-07,1.2340937304975587e-25,0.0,-1.204493291792028e-16,-1.882733136060466e-10,1.1337407240735318e-26
6.40890970826149,0.9096089750528336,-0.11749390978366137,-0.000274758756859228,0.0019726906903088093,0.19687190651893616
15.340450406074524,0.06898894789628685,-0.11906971922144294,-0.001104254275560379,0.002075102413073182,0.011552194133400917
15.340450406074524,0.06898894789628685,-0.11906971922144294,-0.001104254275560379,0.002075102413073182,0.011552194133400917
15.235744416713715,0.31511937268078327,-0.06159315234981477,0.011185865849256516,0.0023064580745995045,0.012570050545036793

15.77157974243164,0.5534016527235508,-0.09150421828962862,0.0026848141569644213,0.0008019474917091429,0.046708714216947556
1.7267729468528614e-07,2.15004828578892e-23,0.0,-2.920888298279232e-15,-4.565615441265436e-09,6.667386106611953e-24
-0.01917570916702971,-0.08825618424452841,-0.09613240254111588,-0.00010637651575962082,-0.0032012639567255974,-0.0088335070759058
1.7267729468528614e-07,-1.3048389536633339e-24,0.0,-7.77255908306708e-16,-1.2149220518509196e-09,4.721431618398974e-25
-0.04183680866844952,0.2126433653756976,-0.09460278088226914,-0.00037836923729628325,-0.0027286428958177567,0.0396997332572937
1.7267729468528614e-07,-3.558015118036434e-23,0.0,-4.217001808783528e-15,-6.591559298385619e-09,1.3898031521326192e-23
35.24221181869507,-58.90805721282959,-0.5669616162776947,-0.03395929932594299,-0.017026135697960854,1.4556516408920288
-0.11226916685700417,-0.10287247132509947,-0.11045037535950541,0.0006142340716905892,-0.0012736112112179399,-0.163239985704422
6.448045372962952,0.7866043597459793,-0.1120511326007545,-0.00024826236767694354,-0.0009233532473444939,0.1572708636522293
6.3330575823783875,1.145694125443697,-0.11123210424557328,-0.0011851296294480562,-0.0024062590673565865,0.18151409924030304

1.7267729468528614e-07,2.15004828578892e-23,0.0,-2.920888298279232e-15,-4.565615441265436e-09,6.667386106611953e-24
1.7267729468528614e-07,-3.558015118036434e-23,0.0,-4.217001808783528e-15,-6.591559298385619e-09,1.3898031521326192e-23
15.77157974243164,0.5534016527235508,-0.09150421828962862,0.0026848141569644213,0.0008019474917091429,0.046708714216947556
15.660460293293,0.39368891157209873,-0.11309959227219224,-0.00029445462860167027,0.0024151254910975695,0.05835854262113571
1332.4427604675293,0.5863681901246309,-6118.4600830078125,-0.00010890865087276325,1.0106574296951294,-6.871017831144854e-05
15.925142168998718,-0.6482480093836784,-0.26973190251737833,0.0037728596944361925,-0.004932981450110674,0.02543468587100506
16.26095473766327,0.2876177430152893,-0.12427532346919179,-0.008936933241784573,-0.005075092427432537,0.026423322036862373
905.7285308837891,3.446255624294281,-2091.197395324707,8.680526093485241e-07,2.467153787612915,-1.6915338392209378e-06
15.025612711906433,0.0025718778488226235,-0.10912847938016057,-0.0056905439123511314,-0.004000858403742313,-0.00416569784283638
1.7267729468528614e-07,-3.558015118036434e-23,0.0,-4.217001808783528e-15,-6.591559298385619e-09,1.3898031521326192e-23

1.7267729468528614e-07,-3.558015118036434e-23,0.0,-4.217001808783528e-15,-6.591559298385619e-09,1.3898031521326192e-23
16.26095473766327,0.2876177430152893,-0.12427532346919179,-0.008936933241784573,-0.005075092427432537,0.026423322036862373
1.7267729468528614e-07,-3.558015118036434e-23,0.0,-4.217001808783528e-15,-6.591559298385619e-09,1.3898031521326192e-23
1.7267729468528614e-07,2.15004828578892e-23,0.0,-2.920888298279232e-15,-4.565615441265436e-09,6.667386106611953e-24
1.7267729468528614e-07,-3.558015118036434e-23,0.0,-4.217001808783528e-15,-6.591559298385619e-09,1.3898031521326192e-23
1.7267729468528614e-07,1.4881381805624224e-24,0.0,-1.0802345642814469e-15,-1.6885051135062668e-09,9.119661993548242e-25
3.2782357186079025,-0.1939859939739108,-0.04770629748236388,0.06617521494626999,0.04254638031125069,-0.060586828738451004
1.7267729468528614e-07,8.940185609755162e-28,0.0,-5.295980858478907e-17,-8.278101815140104e-11,2.191960573535389e-27
9.285777062177658,0.23324689827859402,-0.20829173736274242,0.0019438995514065027,0.0060056098736822605,0.015516958199441433
6.639378517866135,0.9833713062107563,-0.09160011541098356,0.002057218924164772,-0.0001061951625160873,0.19646315276622772

1.7267729468528614e-07,-3.558015118036434e-23,0.0,-4.217001808783528e-15,-6.591559298385619e-09,1.3898031521326192e-23
16.26095473766327,0.2876177430152893,-0.12427532346919179,-0.008936933241784573,-0.005075092427432537,0.026423322036862373
1.7267729468528614e-07,-3.558015118036434e-23,0.0,-4.217001808783528e-15,-6.591559298385619e-09,1.3898031521326192e-23
1.7267729468528614e-07,-4.5932481307954145e-23,-9.127816558152091e-09,-2.0824305008246974e-15,-3.255029135118548e-09,3.389171274187455e-24
1.7267729468528614e-07,1.4881381805624224e-24,0.0,-1.0802345642814469e-15,-1.6885051135062668e-09,9.119661993548242e-25
1.7267729468528614e-07,1.4881381805624224e-24,0.0,-1.0802345642814469e-15,-1.6885051135062668e-09,9.119661993548242e-25
1.7267729468528614e-07,-4.461640296609904e-22,0.0,-2.0282930676272966e-14,-3.1704072256388827e-08,3.2152334714835375e-22
1.7267729468528614e-07,-3.558015118036434e-23,0.0,-4.217001808783528e-15,-6.591559298385619e-09,1.3898031521326192e-23
1.7267729468528614e-07,-3.558015118036434e-23,0.0,-4.217001808783528e-15,-6.591559298385619e-09,1.3898031521326192e-23
823.3295440673828,-1.7654592171311378,-15.978626906871796,-6.807798627050943e-07,2.641458511352539,-1.5226605682983063e-06

1.7267729468528614e-07,-3.558015118036434e-23,0.0,-4.217001808783528e-15,-6.591559298385619e-09,1.3898031521326192e-23
16.26095473766327,0.2876177430152893,-0.12427532346919179,-0.008936933241784573,-0.005075092427432537,0.026423322036862373
1.7287276055100165e-07,-8.427535800540455e-19,0.0,6.135402515899946e-13,9.59019644142245e-07,2.9419885652154874e-19
1.7267729468528614e-07,-7.053997681160187e-27,-9.570431253047573e-10,1.2237307335131531e-16,1.91280269401517e-10,1.170287864033004e-26
1.7267729468528614e-07,-7.760022533913781e-27,0.0,-3.944391229496656e-17,-6.165443849903696e-11,1.2154139433739524e-27
1.7267729468528614e-07,1.6344515098458283e-23,-9.959005148330036e-09,3.712045658376718e-15,5.802266223042807e-09,1.0768353675328474e-23
1.7267729468528614e-07,-3.558015118036434e-23,0.0,-4.217001808783528e-15,-6.591559298385619e-09,1.3898031521326192e-23
1.7267729468528614e-07,1.6439621451090699e-21,0.0,-2.1482430973538726e-14,-3.357899558409372e-08,3.606701846058247e-22
1.7267729468528614e-07,-9.665938309652477e-23,0.0,-6.955641862856814e-15,-1.0872303057851695e-08,3.7812173158258396e-23
1.7267729468528614e-07,-3.558015118036434e-23,0.0,-4.217001808783528e-15,-6.591559298385619e-09,1.3898031521326192e-23

1.7267729468528614e-07,1.6439621451090699e-21,0.0,-2.1482430973538726e-14,-3.357899558409372e-08,3.606701846058247e-22
1.7287276055100165e-07,-8.427535800540455e-19,0.0,6.135402515899946e-13,9.59019644142245e-07,2.9419885652154874e-19
1.7376899918986055e-07,2.0520373518788732e-17,0.0,-4.448952057450883e-12,-6.954119271540549e-06,1.546927007147668e-17
1.7267729468528614e-07,-3.558015118036434e-23,0.0,-4.217001808783528e-15,-6.591559298385619e-09,1.3898031521326192e-23
1.7267729468528614e-07,1.6305956748376486e-24,0.0,-3.0420071275939005e-16,-4.754935334361221e-10,7.231931652420202e-26
1.7267729468528614e-07,8.796717992909348e-24,2.943439242342194e-09,-1.22632074850762e-15,-1.9168515663636754e-09,1.1753057188879654e-24
1.7267729468528614e-07,8.497053053212687e-27,2.442813312741876e-10,-4.636670264670861e-17,-7.247539374199974e-11,1.6802924096412157e-27
1.7267729468528614e-07,1.6439621451090699e-21,0.0,-2.1482430973538726e-14,-3.357899558409372e-08,3.606701846058247e-22
1.7267729468528614e-07,-9.665938309652477e-23,0.0,-6.955641862856814e-15,-1.0872303057851695e-08,3.7812173158258396e-23
1.7267729468528614e-07,-6.140225172717973e-27,0.0,-2.695420303818754e-17,-4.213188131707568e-11,5.672797280760951e-28

1.7267729468528614e-07,1.6439621451090699e-21,0.0,-2.1482430973538726e-14,-3.357899558409372e-08,3.606701846058247e-22
1.7287276055100165e-07,-8.427535800540455e-19,0.0,6.135402515899946e-13,9.59019644142245e-07,2.9419885652154874e-19
1.7269082830395632e-07,3.750661867823822e-19,0.0,-4.849702453860183e-13,-7.580527494610578e-07,1.8381648931184009e-19
1.7267729468528614e-07,-9.665938309652477e-23,0.0,-6.955641862856814e-15,-1.0872303057851695e-08,3.7812173158258396e-23
1.7287276055100165e-07,-8.427535800540455e-19,0.0,6.135402515899946e-13,9.59019644142245e-07,2.9419885652154874e-19
1.7267729468528614e-07,-7.152332037209328e-22,0.0,-1.5696282842274714e-14,-2.4534724474278846e-08,1.9255125344164563e-22
9497.869110107422,2.272498980164528,-688549.169921875,-0.0001859748736023903,-3.1381051540374756,-0.0009476919658482075
1.7267729468528614e-07,-3.810856378035281e-24,-1.1320919895974058e-08,-2.7088761633397174e-15,-4.2342205297529745e-09,5.734922539926319e-24
-426.4589309692383,-177.63357162475586,-7405.006408691406,-2.87962007522583,0.3916155993938446,-0.284272700548172
1886.7538452148438,-228.2379150390625,-29796.060180664062,0.011044255457818508,1.7217581272125244,0.009812455624341965

1.7287276055100165e-07,-8.427535800540455e-19,0.0,6.135402515899946e-13,9.59019644142245e-07,2.9419885652154874e-19
1.7287276055100165e-07,-8.427535800540455e-19,0.0,6.135402515899946e-13,9.59019644142245e-07,2.9419885652154874e-19
1.7287276055100165e-07,-8.427535800540455e-19,0.0,6.135402515899946e-13,9.59019644142245e-07,2.9419885652154874e-19
1.7287276055100165e-07,-8.427535800540455e-19,0.0,6.135402515899946e-13,9.59019644142245e-07,2.9419885652154874e-19
1.7267729468528614e-07,-7.152332037209328e-22,0.0,-1.5696282842274714e-14,-2.4534724474278846e-08,1.9255125344164563e-22
1.7287276055100165e-07,-8.427535800540455e-19,0.0,6.135402515899946e-13,9.59019644142245e-07,2.9419885652154874e-19
1.7269082830395632e-07,3.750661867823822e-19,0.0,-4.849702453860183e-13,-7.580527494610578e-07,1.8381648931184009e-19
-2.1296409890055656,0.5052434746176004,-1125604.98046875,-0.0011509543983265758,1.5715973377227783,-0.0011515835067257285
1.7287276055100165e-07,-8.427535800540455e-19,0.0,6.135402515899946e-13,9.59019644142245e-07,2.9419885652154874e-19
1.7269082830395632e-07,3.750661867823822e-19,0.0,-4.849702453860183e-13,-7.580527494610578e-07,1.8381648931184009e-19

1.7287276055100165e-07,-8.427535800540455e-19,0.0,6.135402515899946e-13,9.59019644142245e-07,2.9419885652154874e-19
1.7287276055100165e-07,-8.427535800540455e-19,0.0,6.135402515899946e-13,9.59019644142245e-07,2.9419885652154874e-19
1.7287276055100165e-07,-8.427535800540455e-19,0.0,6.135402515899946e-13,9.59019644142245e-07,2.9419885652154874e-19
1.7267729468528614e-07,4.531936567016715e-25,0.0,-1.0627039468885983e-16,-1.661102921879376e-10,8.815708586607379e-27
1.7286346798428553e-07,-5.670416156869917e-18,0.0,1.4433055445239873e-12,2.2560184333997313e-06,1.6280601903493193e-18
1.7269082830395632e-07,3.750661867823822e-19,0.0,-4.849702453860183e-13,-7.580527494610578e-07,1.8381648931184009e-19
1.7287276055100165e-07,-8.427535800540455e-19,0.0,6.135402515899946e-13,9.59019644142245e-07,2.9419885652154874e-19
1.734512200535221e-07,-9.341551636600798e-18,0.0,-1.8739016414970333e-12,-2.9290786187630147e-06,2.7443952277052118e-18
1.726906284638119e-07,2.056049500967182e-18,0.0,-1.5569963124784786e-13,-2.433728525375045e-07,1.894531015697553e-20
1.7287276055100165e-07,-8.427535800540455e-19,0.0,6.135402515899946e-13,9.59019644142245e-07,2.9419885652154874e-19

1.726906284638119e-07,2.056049500967182e-18,0.0,-1.5569963124784786e-13,-2.433728525375045e-07,1.894531015697553e-20
1.7287276055100165e-07,-8.427535800540455e-19,0.0,6.135402515899946e-13,9.59019644142245e-07,2.9419885652154874e-19
1.7286346798428553e-07,-5.670416156869917e-18,0.0,1.4433055445239873e-12,2.2560184333997313e-06,1.6280601903493193e-18
1.728103882214782e-07,-3.933013106846927e-18,0.0,-1.214755292883174e-12,-1.898773462016834e-06,1.1532725808142948e-18
1.7266899021706195e-07,1.8044727927933504e-17,-4.238552619995062e-06,1.2514165051435988e-12,1.9560789041861426e-06,1.2239341744489075e-18
1.7287276055100165e-07,-8.427535800540455e-19,0.0,6.135402515899946e-13,9.59019644142245e-07,2.9419885652154874e-19
1.734512200535221e-07,-9.341551636600798e-18,0.0,-1.8739016414970333e-12,-2.9290786187630147e-06,2.7443952277052118e-18
1.7269082830395632e-07,3.750661867823822e-19,0.0,-4.849702453860183e-13,-7.580527494610578e-07,1.8381648931184009e-19
1.7286346798428553e-07,-5.670416156869917e-18,0.0,1.4433055445239873e-12,2.2560184333997313e-06,1.6280601903493193e-18
1.7287276055100165e-07,-8.427535800540455e-19,0.0,6.135402515899946e-13,9.59019644142245e-07,2.9419885652154874e-19

1.726906284638119e-07,2.056049500967182e-18,0.0,-1.5569963124784786e-13,-2.433728525375045e-07,1.894531015697553e-20
1.7286346798428553e-07,-5.670416156869917e-18,0.0,1.4433055445239873e-12,2.2560184333997313e-06,1.6280601903493193e-18
1.7267729468528614e-07,4.3993194962365386e-23,1.399170085347734e-08,-1.6675247523810976e-15,-2.6064936875513922e-09,2.173179659682263e-24
1.726906284638119e-07,2.056049500967182e-18,0.0,-1.5569963124784786e-13,-2.433728525375045e-07,1.894531015697553e-20
1.7287238307517327e-07,-1.08674846705549e-17,0.0,-1.373133594675946e-12,-2.146333372365916e-06,1.473601581747905e-18
1.726906284638119e-07,2.056049500967182e-18,0.0,-1.5569963124784786e-13,-2.433728525375045e-07,1.894531015697553e-20
1.7266899021706195e-07,1.8044727927933504e-17,-4.238552619995062e-06,1.2514165051435988e-12,1.9560789041861426e-06,1.2239341744489075e-18
1.7298992238679034e-07,2.2047142134408483e-18,0.0,-2.4968315175816214e-12,-3.902775461028796e-06,4.8722815779363825e-18
1.728659770883212e-07,-4.0224116209008755e-18,0.0,1.299835889964629e-12,2.0317622784205014e-06,1.320479076630917e-18
1.7287276055100165e-07,-8.427535800540455e-19,0.0,6.135402515899946e-13,9.59019644142245e-07,2.9419885652154874e-19

1.7298992238679034e-07,2.2047142134408483e-18,0.0,-2.4968315175816214e-12,-3.902775461028796e-06,4.8722815779363825e-18
1.7266899021706195e-07,1.8044727927933504e-17,-4.238552619995062e-06,1.2514165051435988e-12,1.9560789041861426e-06,1.2239341744489075e-18
1.7413029906876432e-07,8.926889743690116e-17,0.0,-5.959326782045693e-12,-9.314973794971593e-06,2.775551936734726e-17
1.7330934465320524e-07,-3.1541583243838076e-17,-2.5431316430513107e-05,2.7097421528843313e-12,4.2355741243227385e-06,5.738661866127992e-18
1.7287238307517327e-07,-1.08674846705549e-17,0.0,-1.373133594675946e-12,-2.146333372365916e-06,1.473601581747905e-18
1.728659770883212e-07,-4.0224116209008755e-18,0.0,1.299835889964629e-12,2.0317622784205014e-06,1.320479076630917e-18
1.7266899021706195e-07,1.8044727927933504e-17,-4.238552619995062e-06,1.2514165051435988e-12,1.9560789041861426e-06,1.2239341744489075e-18
1.726906284638119e-07,2.056049500967182e-18,0.0,-1.5569963124784786e-13,-2.433728525375045e-07,1.894531015697553e-20
1.726906284638119e-07,2.056049500967182e-18,0.0,-1.5569963124784786e-13,-2.433728525375045e-07,1.894531015697553e-20
1.7266899021706195e-07,1.8044727927933504e-17,-4.238552619995062e-06,1.2514165051435988e-12,1.9560789041861426e-06,1.2239341744489075e-18

1.726906284638119e-07,2.056049500967182e-18,0.0,-1.5569963124784786e-13,-2.433728525375045e-07,1.894531015697553e-20
1.726906284638119e-07,2.056049500967182e-18,0.0,-1.5569963124784786e-13,-2.433728525375045e-07,1.894531015697553e-20
1.7335235469317922e-07,3.3973486489925735e-16,0.0,-6.077102363000186e-12,-9.499066436546855e-06,2.886335905301708e-17
1.7413029906876432e-07,8.926889743690116e-17,0.0,-5.959326782045693e-12,-9.314973794971593e-06,2.775551936734726e-17
1.7266899021706195e-07,1.8044727927933504e-17,-4.238552619995062e-06,1.2514165051435988e-12,1.9560789041861426e-06,1.2239341744489075e-18
1.7266899021706195e-07,1.8044727927933504e-17,-4.238552619995062e-06,1.2514165051435988e-12,1.9560789041861426e-06,1.2239341744489075e-18
1.7336342361673474e-07,-7.980095712634623e-19,0.0,-2.2082433537989887e-12,-3.4516856430855114e-06,3.811067168264033e-18
1.7268826368876944e-07,5.742078432250566e-18,6.357829107628277e-06,-2.1799406897671236e-12,-3.4074464565492235e-06,3.714013239812574e-18
1.7266899021706195e-07,1.8044727927933504e-17,-4.238552619995062e-06,1.2514165051435988e-12,1.9560789041861426e-06,1.2239341744489075e-18
1.7266899021706195e-07,1.8044727927933504e-17,-4.238552619995062e-06,1.2514165051435988e-12,1.9560789041861426e-06,1.2239341744489075e-18

1.726906284638119e-07,2.056049500967182e-18,0.0,-1.5569963124784786e-13,-2.433728525375045e-07,1.894531015697553e-20
1.7413029906876432e-07,8.926889743690116e-17,0.0,-5.959326782045693e-12,-9.314973794971593e-06,2.775551936734726e-17
1.7269129459762667e-07,4.2872520409500244e-17,1.2715658215256553e-05,-1.9216763597063036e-12,-3.0037554097361863e-06,2.8861195975715253e-18
1.736182198008862e-07,-1.2610077632686806e-17,0.0,-4.267904172433612e-12,-6.671124992863042e-06,1.4235852788292736e-17
1.7266899021706195e-07,1.8044727927933504e-17,-4.238552619995062e-06,1.2514165051435988e-12,1.9560789041861426e-06,1.2239341744489075e-18
1.726906284638119e-07,2.056049500967182e-18,0.0,-1.5569963124784786e-13,-2.433728525375045e-07,1.894531015697553e-20
1.7336342361673474e-07,-7.980095712634623e-19,0.0,-2.2082433537989887e-12,-3.4516856430855114e-06,3.811067168264033e-18
1.7336342361673474e-07,-7.980095712634623e-19,0.0,-2.2082433537989887e-12,-3.4516856430855114e-06,3.811067168264033e-18
1.726906284638119e-07,2.056049500967182e-18,0.0,-1.5569963124784786e-13,-2.433728525375045e-07,1.894531015697553e-20
1.7275477715017473e-07,-5.504100185606193e-19,0.0,-1.15960572307644e-12,-1.81256984888023e-06,1.0509294527310183e-18

1.726906284638119e-07,2.056049500967182e-18,0.0,-1.5569963124784786e-13,-2.433728525375045e-07,1.894531015697553e-20
1.726906284638119e-07,2.056049500967182e-18,0.0,-1.5569963124784786e-13,-2.433728525375045e-07,1.894531015697553e-20
1.729155707508312e-07,-1.1627419376716487e-17,0.0,1.801228003556199e-12,2.815483867379953e-06,2.535661576801437e-18
1.7336342361673474e-07,-7.980095712634623e-19,0.0,-2.2082433537989887e-12,-3.4516856430855114e-06,3.811067168264033e-18
1.726906284638119e-07,2.056049500967182e-18,0.0,-1.5569963124784786e-13,-2.433728525375045e-07,1.894531015697553e-20
1.7413029906876432e-07,8.926889743690116e-17,0.0,-5.959326782045693e-12,-9.314973794971593e-06,2.775551936734726e-17
1.7285480824469346e-07,-1.8270886539106317e-18,0.0,-9.483867684234593e-13,-1.4824153140580165e-06,7.029497684737152e-19
1.7268048102536682e-07,-1.28277618431075e-19,-1.5894572769070692e-06,-3.754747638566418e-14,-5.8690122983762194e-08,1.1018229532242809e-21
1.7266899021706195e-07,1.8044727927933504e-17,-4.238552619995062e-06,1.2514165051435988e-12,1.9560789041861426e-06,1.2239341744489075e-18
1.7266899021706195e-07,1.8044727927933504e-17,-4.238552619995062e-06,1.2514165051435988e-12,1.9560789041861426e-06,1.2239341744489075e-18

1.726906284638119e-07,2.056049500967182e-18,0.0,-1.5569963124784786e-13,-2.433728525375045e-07,1.894531015697553e-20
1.7336342361673474e-07,-7.980095712634623e-19,0.0,-2.2082433537989887e-12,-3.4516856430855114e-06,3.811067168264033e-18
1.736182198008862e-07,-1.2610077632686806e-17,0.0,-4.267904172433612e-12,-6.671124992863042e-06,1.4235852788292736e-17
1.727876064450129e-07,-1.127351855268877e-19,0.0,1.608046703606425e-12,2.513523895686376e-06,2.0209318970280643e-18
1.726906284638119e-07,2.056049500967182e-18,0.0,-1.5569963124784786e-13,-2.433728525375045e-07,1.894531015697553e-20
1.7287238307517327e-07,-1.08674846705549e-17,0.0,-1.373133594675946e-12,-2.146333372365916e-06,1.473601581747905e-18
1.726906284638119e-07,2.056049500967182e-18,0.0,-1.5569963124784786e-13,-2.433728525375045e-07,1.894531015697553e-20
1.727933685025107e-07,-9.643110668664661e-18,0.0,-1.4086893544013046e-12,-2.2019098651071545e-06,1.5508994386418775e-18
1.7266899021706195e-07,1.8044727927933504e-17,-4.238552619995062e-06,1.2514165051435988e-12,1.9560789041861426e-06,1.2239341744489075e-18
1.726906284638119e-07,2.056049500967182e-18,0.0,-1.5569963124784786e-13,-2.433728525375045e-07,1.894531015697553e-20

1.727876064450129e-07,-1.127351855268877e-19,0.0,1.608046703606425e-12,2.513523895686376e-06,2.0209318970280643e-18
1.7287238307517327e-07,-1.08674846705549e-17,0.0,-1.373133594675946e-12,-2.146333372365916e-06,1.473601581747905e-18
1.726906284638119e-07,2.056049500967182e-18,0.0,-1.5569963124784786e-13,-2.433728525375045e-07,1.894531015697553e-20
1.726906284638119e-07,2.056049500967182e-18,0.0,-1.5569963124784786e-13,-2.433728525375045e-07,1.894531015697553e-20
1.726906284638119e-07,2.056049500967182e-18,0.0,-1.5569963124784786e-13,-2.433728525375045e-07,1.894531015697553e-20
1.726906284638119e-07,2.056049500967182e-18,0.0,-1.5569963124784786e-13,-2.433728525375045e-07,1.894531015697553e-20
1.7287238307517327e-07,-1.08674846705549e-17,0.0,-1.373133594675946e-12,-2.146333372365916e-06,1.473601581747905e-18
1.726906284638119e-07,2.056049500967182e-18,0.0,-1.5569963124784786e-13,-2.433728525375045e-07,1.894531015697553e-20
1.727933685025107e-07,-9.643110668664661e-18,0.0,-1.4086893544013046e-12,-2.2019098651071545e-06,1.5508994386418775e-18
1.727933685025107e-07,-9.643110668664661e-18,0.0,-1.4086893544013046e-12,-2.2019098651071545e-06,1.5508994386418775e-18

1.7287238307517327e-07,-1.08674846705549e-17,0.0,-1.373133594675946e-12,-2.146333372365916e-06,1.473601581747905e-18
1.726906284638119e-07,2.056049500967182e-18,0.0,-1.5569963124784786e-13,-2.433728525375045e-07,1.894531015697553e-20
1.7267729468528614e-07,2.3016854246989965e-25,0.0,1.3330588642020418e-16,2.0836915526345479e-10,1.3886056588133034e-26
1.7268910745826815e-07,4.3220784773135236e-19,1.8699497061902548e-06,-3.101969093914636e-13,-4.848661205869575e-07,7.520169721123215e-20
1.726665810330985e-07,2.0948302160878543e-18,4.238552619995062e-06,-1.0422260927553384e-12,-1.6290946405206341e-06,8.489423903008024e-19
1.727933685025107e-07,-9.643110668664661e-18,0.0,-1.4086893544013046e-12,-2.2019098651071545e-06,1.5508994386418775e-18
1.726906284638119e-07,2.056049500967182e-18,0.0,-1.5569963124784786e-13,-2.433728525375045e-07,1.894531015697553e-20
1.7270456176277094e-07,-2.0884793430645224e-18,0.0,4.3890550373813786e-13,6.860493613203289e-07,1.5055541470941506e-19
1.7287238307517327e-07,-1.08674846705549e-17,0.0,-1.373133594675946e-12,-2.146333372365916e-06,1.473601581747905e-18
1.726906284638119e-07,2.056049500967182e-18,0.0,-1.5569963124784786e-13,-2.433728525375045e-07,1.894531015697553e-20

1.7287238307517327e-07,-1.08674846705549e-17,0.0,-1.373133594675946e-12,-2.146333372365916e-06,1.473601581747905e-18
1.726906284638119e-07,2.056049500967182e-18,0.0,-1.5569963124784786e-13,-2.433728525375045e-07,1.894531015697553e-20
1.7287238307517327e-07,-1.08674846705549e-17,0.0,-1.373133594675946e-12,-2.146333372365916e-06,1.473601581747905e-18
1.727933685025107e-07,-9.643110668664661e-18,0.0,-1.4086893544013046e-12,-2.2019098651071545e-06,1.5508994386418775e-18
1.726906284638119e-07,2.056049500967182e-18,0.0,-1.5569963124784786e-13,-2.433728525375045e-07,1.894531015697553e-20
1.7287238307517327e-07,-1.08674846705549e-17,0.0,-1.373133594675946e-12,-2.146333372365916e-06,1.473601581747905e-18
1.7287238307517327e-07,-1.08674846705549e-17,0.0,-1.373133594675946e-12,-2.146333372365916e-06,1.473601581747905e-18
1.7270456176277094e-07,-2.0884793430645224e-18,0.0,4.3890550373813786e-13,6.860493613203289e-07,1.5055541470941506e-19
1.7267729468528614e-07,-1.5089964448240234e-25,-4.336808689942018e-17,1.217347943208898e-16,1.9028260911380102e-10,1.1581338594143606e-26
1.7287238307517327e-07,-1.08674846705549e-17,0.0,-1.373133594675946e-12,-2.146333372365916e-06,1.473601581747905e-18

1.7287238307517327e-07,-1.08674846705549e-17,0.0,-1.373133594675946e-12,-2.146333372365916e-06,1.473601581747905e-18
1.726906284638119e-07,2.056049500967182e-18,0.0,-1.5569963124784786e-13,-2.433728525375045e-07,1.894531015697553e-20
1.7287238307517327e-07,-1.08674846705549e-17,0.0,-1.373133594675946e-12,-2.146333372365916e-06,1.473601581747905e-18
1.7267729468528614e-07,-1.5089964448240234e-25,-4.336808689942018e-17,1.217347943208898e-16,1.9028260911380102e-10,1.1581338594143606e-26
1.7287238307517327e-07,-1.08674846705549e-17,0.0,-1.373133594675946e-12,-2.146333372365916e-06,1.473601581747905e-18
1.7282820730102344e-07,-1.7472317974694528e-18,0.0,-1.1894222586017467e-12,-1.8591756543173688e-06,1.1056725758625074e-18
1.726906284638119e-07,2.056049500967182e-18,0.0,-1.5569963124784786e-13,-2.433728525375045e-07,1.894531015697553e-20
1.727933685025107e-07,-9.643110668664661e-18,0.0,-1.4086893544013046e-12,-2.2019098651071545e-06,1.5508994386418775e-18
1.726941811774907e-07,-5.5352913166583e-20,0.0,-4.2779554855140733e-13,-6.686835263280955e-07,1.430299969150461e-19
1.7287238307517327e-07,-1.08674846705549e-17,0.0,-1.373133594675946e-12,-2.146333372365916e-06,1.473601581747905e-18

1.727933685025107e-07,-9.643110668664661e-18,0.0,-1.4086893544013046e-12,-2.2019098651071545e-06,1.5508994386418775e-18
1.7287238307517327e-07,-1.08674846705549e-17,0.0,-1.373133594675946e-12,-2.146333372365916e-06,1.473601581747905e-18
1.7287238307517327e-07,-1.08674846705549e-17,0.0,-1.373133594675946e-12,-2.146333372365916e-06,1.473601581747905e-18
1.7287238307517327e-07,-1.08674846705549e-17,0.0,-1.373133594675946e-12,-2.146333372365916e-06,1.473601581747905e-18
1.7270636032407083e-07,-1.2933434166361149e-18,0.0,-5.408644994549239e-13,-8.454206295027689e-07,2.2862881805114136e-19
1.7287238307517327e-07,-1.08674846705549e-17,0.0,-1.373133594675946e-12,-2.146333372365916e-06,1.473601581747905e-18
1.726906284638119e-07,2.056049500967182e-18,0.0,-1.5569963124784786e-13,-2.433728525375045e-07,1.894531015697553e-20
1.727341047974562e-07,3.3559836245366553e-19,0.0,-9.112595660693001e-13,-1.4243819350667764e-06,6.489884344186653e-19
1.7287238307517327e-07,-1.08674846705549e-17,0.0,-1.373133594675946e-12,-2.146333372365916e-06,1.473601581747905e-18
1.7271524210826783e-07,-1.4034060979261174e-18,-1.2715658215256553e-05,4.321811463391112e-14,6.755391268598032e-08,1.4598797741797405e-21

1.726906284638119e-07,2.056049500967182e-18,0.0,-1.5569963124784786e-13,-2.433728525375045e-07,1.894531015697553e-20
1.7287238307517327e-07,-1.08674846705549e-17,0.0,-1.373133594675946e-12,-2.146333372365916e-06,1.473601581747905e-18
1.7287238307517327e-07,-1.08674846705549e-17,0.0,-1.373133594675946e-12,-2.146333372365916e-06,1.473601581747905e-18
1.728774567943958e-07,2.2067894351143334e-18,0.0,-2.323605717557964e-12,-3.6320079743745737e-06,4.219677433662671e-18
1.7287177245250973e-07,-4.191039820470626e-18,-8.477105239990124e-06,-1.2275753330515116e-12,-1.9188125861546723e-06,1.1777448226342527e-18
1.7287238307517327e-07,-1.08674846705549e-17,0.0,-1.373133594675946e-12,-2.146333372365916e-06,1.473601581747905e-18
1.726941811774907e-07,-5.5352913166583e-20,0.0,-4.2779554855140733e-13,-6.686835263280955e-07,1.430299969150461e-19
1.7274487396079508e-07,4.502244877076109e-18,0.0,-1.3005271772698057e-12,-2.032842985499883e-06,1.321882905527996e-18
1.7287238307517327e-07,-1.08674846705549e-17,0.0,-1.373133594675946e-12,-2.146333372365916e-06,1.473601581747905e-18
1.7266925667058786e-07,9.649333264069562e-19,2.119276309997531e-06,-3.5656227319671996e-13,-5.573393764279899e-07,9.936321638890274e-20

1.7287238307517327e-07,-1.08674846705549e-17,0.0,-1.373133594675946e-12,-2.146333372365916e-06,1.473601581747905e-18
1.7266925667058786e-07,9.649333264069562e-19,2.119276309997531e-06,-3.5656227319671996e-13,-5.573393764279899e-07,9.936321638890274e-20
1.7287238307517327e-07,-1.08674846705549e-17,0.0,-1.373133594675946e-12,-2.146333372365916e-06,1.473601581747905e-18
1.7287238307517327e-07,-1.08674846705549e-17,0.0,-1.373133594675946e-12,-2.146333372365916e-06,1.473601581747905e-18
1.7272285823821676e-07,3.0581917377722463e-19,0.0,4.665771892106707e-13,7.293027692867327e-07,1.701381014556925e-19
1.7287238307517327e-07,-1.08674846705549e-17,0.0,-1.373133594675946e-12,-2.146333372365916e-06,1.473601581747905e-18
1.7287238307517327e-07,-1.08674846705549e-17,0.0,-1.373133594675946e-12,-2.146333372365916e-06,1.473601581747905e-18
1.7287238307517327e-07,-1.08674846705549e-17,0.0,-1.373133594675946e-12,-2.146333372365916e-06,1.473601581747905e-18
1.7413029906876432e-07,8.926889743690116e-17,0.0,-5.959326782045693e-12,-9.314973794971593e-06,2.775551936734726e-17
1.7287238307517327e-07,-1.08674846705549e-17,0.0,-1.373133594675946e-12,-2.146333372365916e-06,1.473601581747905e-18

1.7287238307517327e-07,-1.08674846705549e-17,0.0,-1.373133594675946e-12,-2.146333372365916e-06,1.473601581747905e-18
1.7287238307517327e-07,-1.08674846705549e-17,0.0,-1.373133594675946e-12,-2.146333372365916e-06,1.473601581747905e-18
1.7287238307517327e-07,-1.08674846705549e-17,0.0,-1.373133594675946e-12,-2.146333372365916e-06,1.473601581747905e-18
1.7287238307517327e-07,-1.08674846705549e-17,0.0,-1.373133594675946e-12,-2.146333372365916e-06,1.473601581747905e-18
1.727028742237735e-07,1.3635573181512288e-18,3.1789145538141383e-06,-3.088670812168015e-13,-4.827875841328932e-07,7.455802144769518e-20
1.7287238307517327e-07,-1.08674846705549e-17,0.0,-1.373133594675946e-12,-2.146333372365916e-06,1.473601581747905e-18
1.7287238307517327e-07,-1.08674846705549e-17,0.0,-1.373133594675946e-12,-2.146333372365916e-06,1.473601581747905e-18
1.7287238307517327e-07,-1.08674846705549e-17,0.0,-1.373133594675946e-12,-2.146333372365916e-06,1.473601581747905e-18
1.7287238307517327e-07,-1.08674846705549e-17,0.0,-1.373133594675946e-12,-2.146333372365916e-06,1.473601581747905e-18
1.7413029906876432e-07,8.926889743690116e-17,0.0,-5.959326782045693e-12,-9.314973794971593e-06,2.775551936734726e-17

1.7287238307517327e-07,-1.08674846705549e-17,0.0,-1.373133594675946e-12,-2.146333372365916e-06,1.473601581747905e-18
1.7287238307517327e-07,-1.08674846705549e-17,0.0,-1.373133594675946e-12,-2.146333372365916e-06,1.473601581747905e-18
1.7287238307517327e-07,-1.08674846705549e-17,0.0,-1.373133594675946e-12,-2.146333372365916e-06,1.473601581747905e-18
1.7287238307517327e-07,-1.08674846705549e-17,0.0,-1.373133594675946e-12,-2.146333372365916e-06,1.473601581747905e-18
1.726941811774907e-07,-5.5352913166583e-20,0.0,-4.2779554855140733e-13,-6.686835263280955e-07,1.430299969150461e-19
1.7287238307517327e-07,-1.08674846705549e-17,0.0,-1.373133594675946e-12,-2.146333372365916e-06,1.473601581747905e-18
1.7287238307517327e-07,-1.08674846705549e-17,0.0,-1.373133594675946e-12,-2.146333372365916e-06,1.473601581747905e-18
1.7269338181691296e-07,1.2481390059020506e-19,0.0,-1.9209644725598496e-13,-3.002642756655405e-07,2.883946464855378e-20
1.7287238307517327e-07,-1.08674846705549e-17,0.0,-1.373133594675946e-12,-2.146333372365916e-06,1.473601581747905e-18
1.7267729468528614e-07,-3.7571996616358613e-25,0.0,-2.2378144598337625e-16,-3.4979083518571485e-10,3.9137321600934605e-26

1.7287238307517327e-07,-1.08674846705549e-17,0.0,-1.373133594675946e-12,-2.146333372365916e-06,1.473601581747905e-18
1.7287238307517327e-07,-1.08674846705549e-17,0.0,-1.373133594675946e-12,-2.146333372365916e-06,1.473601581747905e-18
1.7287238307517327e-07,-1.08674846705549e-17,0.0,-1.373133594675946e-12,-2.146333372365916e-06,1.473601581747905e-18
1.7287238307517327e-07,-1.08674846705549e-17,0.0,-1.373133594675946e-12,-2.146333372365916e-06,1.473601581747905e-18
1.7287238307517327e-07,-1.08674846705549e-17,0.0,-1.373133594675946e-12,-2.146333372365916e-06,1.473601581747905e-18
1.7287238307517327e-07,-1.08674846705549e-17,0.0,-1.373133594675946e-12,-2.146333372365916e-06,1.473601581747905e-18
1.728774567943958e-07,2.2067894351143334e-18,0.0,-2.323605717557964e-12,-3.6320079743745737e-06,4.219677433662671e-18
1.7287238307517327e-07,-1.08674846705549e-17,0.0,-1.373133594675946e-12,-2.146333372365916e-06,1.473601581747905e-18
1.7287238307517327e-07,-1.08674846705549e-17,0.0,-1.373133594675946e-12,-2.146333372365916e-06,1.473601581747905e-18
1.7287238307517327e-07,-1.08674846705549e-17,0.0,-1.373133594675946e-12,-2.146333372365916e-06,1.473601581747905e-18

1.7287238307517327e-07,-1.08674846705549e-17,0.0,-1.373133594675946e-12,-2.146333372365916e-06,1.473601581747905e-18
1.7287238307517327e-07,-1.08674846705549e-17,0.0,-1.373133594675946e-12,-2.146333372365916e-06,1.473601581747905e-18
1.7347465686157193e-07,-2.347388393445526e-17,0.0,-3.049272206262499e-12,-4.7662911129009444e-06,7.26685364599164e-18
1.7267729468528614e-07,-2.2602867299871043e-27,0.0,-6.779875379461054e-17,-1.0597565880399173e-10,3.592001094726102e-27
1.726941811774907e-07,-5.5352913166583e-20,0.0,-4.2779554855140733e-13,-6.686835263280955e-07,1.430299969150461e-19
1.7267837160162003e-07,-2.268780876593438e-20,0.0,-5.95634788236668e-14,-9.310315363109112e-08,2.772767372466177e-21
1.7287238307517327e-07,-1.08674846705549e-17,0.0,-1.373133594675946e-12,-2.146333372365916e-06,1.473601581747905e-18
1.7275353370038715e-07,-1.0354545125949365e-18,0.0,-6.858844004906106e-13,-1.0720999625846162e-06,3.6766890928153794e-19
1.729299481390001e-07,-2.6184366747449145e-18,-8.477105239990124e-06,-1.919576422728525e-13,-3.0004736117916764e-07,2.8797249356745164e-20
1.7267729468528614e-07,-1.141393352781516e-23,0.0,-1.2221051714082537e-15,-1.91026217066792e-09,1.1672478991715854e-24

1.7275353370038715e-07,-1.0354545125949365e-18,0.0,-6.858844004906106e-13,-1.0720999625846162e-06,3.6766890928153794e-19
1.7287238307517327e-07,-1.08674846705549e-17,0.0,-1.373133594675946e-12,-2.146333372365916e-06,1.473601581747905e-18
1.7268478869070236e-07,-6.267704617163062e-20,0.0,2.4192369570304184e-13,3.781488544518652e-07,4.574170170042155e-20
1.72681435817168e-07,-1.9551407363778153e-19,-8.881784197001252e-14,-2.2414447414017408e-13,-3.5035827750107273e-07,3.92654332661054e-20
1.7285771702901798e-07,1.2853068399972794e-18,0.0,8.048425207546339e-13,1.2580424026964465e-06,5.0626234883055e-19
1.7340882063621166e-07,2.7284336016385676e-18,0.0,-9.474205274473402e-13,-1.4809044159846962e-06,7.015249498685926e-19
1.729299481390001e-07,-2.6184366747449145e-18,-8.477105239990124e-06,-1.919576422728525e-13,-3.0004736117916764e-07,2.8797249356745164e-20
1.7347465686157193e-07,-2.347388393445526e-17,0.0,-3.049272206262499e-12,-4.7662911129009444e-06,7.26685364599164e-18
1.7267729468528614e-07,8.6570708986647e-28,-8.073884442960644e-11,1.6512004025493677e-17,2.580977098709525e-11,2.130620908512871e-28
1.7347465686157193e-07,-2.347388393445526e-17,0.0,-3.049272206262499e-12,-4.7662911129009444e-06,7.26685364599164e-18

1.7347465686157193e-07,-2.347388393445526e-17,0.0,-3.049272206262499e-12,-4.7662911129009444e-06,7.26685364599164e-18
1.7285771702901798e-07,1.2853068399972794e-18,0.0,8.048425207546339e-13,1.2580424026964465e-06,5.0626234883055e-19
1.7285771702901798e-07,1.2853068399972794e-18,0.0,8.048425207546339e-13,1.2580424026964465e-06,5.0626234883055e-19
1.7268478869070236e-07,-6.267704617163062e-20,0.0,2.4192369570304184e-13,3.781488544518652e-07,4.574170170042155e-20
1.7347465686157193e-07,-2.347388393445526e-17,0.0,-3.049272206262499e-12,-4.7662911129009444e-06,7.26685364599164e-18
1.7347465686157193e-07,-2.347388393445526e-17,0.0,-3.049272206262499e-12,-4.7662911129009444e-06,7.26685364599164e-18
1.7267729468528614e-07,-5.520748903326157e-28,0.0,-3.7737263328979805e-17,-5.898679461546763e-11,1.1129378110385325e-27
1.7268478869070236e-07,-6.267704617163062e-20,0.0,2.4192369570304184e-13,3.781488544518652e-07,4.574170170042155e-20
1.7267729468528614e-07,-9.143195447687935e-26,0.0,-1.2601722084864013e-16,-1.9697643516281005e-10,1.2409349803274121e-26
1.7289194520486717e-07,-4.731107011758778e-18,0.0,-7.559580132016075e-13,-1.1816313190138317e-06,4.466315188570617e-19

1.7347465686157193e-07,-2.347388393445526e-17,0.0,-3.049272206262499e-12,-4.7662911129009444e-06,7.26685364599164e-18
1.7347465686157193e-07,-2.347388393445526e-17,0.0,-3.049272206262499e-12,-4.7662911129009444e-06,7.26685364599164e-18
1.7285771702901798e-07,1.2853068399972794e-18,0.0,8.048425207546339e-13,1.2580424026964465e-06,5.0626234883055e-19
1.7267778318341698e-07,1.791075237601926e-21,0.0,6.721056681037799e-14,1.0505626590884276e-07,3.5304387622222165e-21
1.7267729468528614e-07,-1.1420409476882812e-26,0.0,-2.4096811836880288e-17,-3.7665520008500764e-11,4.479903717709205e-28
1.7285771702901798e-07,1.2853068399972794e-18,0.0,8.048425207546339e-13,1.2580424026964465e-06,5.0626234883055e-19
1.7272960839420648e-07,3.365231487629127e-18,-3.1789145538141383e-06,-7.348958681180351e-13,-1.1487092024253798e-06,4.2208950952231377e-19
1.7347465686157193e-07,-2.347388393445526e-17,0.0,-3.049272206262499e-12,-4.7662911129009444e-06,7.26685364599164e-18
1.7285771702901798e-07,1.2853068399972794e-18,0.0,8.048425207546339e-13,1.2580424026964465e-06,5.0626234883055e-19
1.7347465686157193e-07,-2.347388393445526e-17,0.0,-3.049272206262499e-12,-4.7662911129009444e-06,7.26685364599164e-18

1.7347465686157193e-07,-2.347388393445526e-17,0.0,-3.049272206262499e-12,-4.7662911129009444e-06,7.26685364599164e-18
1.7285771702901798e-07,1.2853068399972794e-18,0.0,8.048425207546339e-13,1.2580424026964465e-06,5.0626234883055e-19
1.7347465686157193e-07,-2.347388393445526e-17,0.0,-3.049272206262499e-12,-4.7662911129009444e-06,7.26685364599164e-18
1.7267729468528614e-07,-3.394478335927329e-24,0.0,2.9172780320997974e-15,4.559971955586661e-09,6.651285455536392e-24
1.7267729468528614e-07,-2.194671743636702e-24,0.0,-1.2291082280579155e-15,-1.9212085256015143e-09,1.180663366333387e-24
1.7267729468528614e-07,4.873886199014646e-25,1.613989844551078e-09,2.6884862803542935e-16,4.202349856985421e-10,5.648813540348401e-26
1.7339372160307676e-07,-1.5976109482182063e-17,0.0,-2.6050229681717774e-12,-4.0718887248658575e-06,5.303667847911362e-18
1.7412941089034462e-07,-4.8331697902378846e-17,0.0,2.355151230287733e-12,3.681316229631193e-06,4.335028597263804e-18
1.7270643803968255e-07,-2.750753584128148e-19,4.23855297526643e-06,-3.6501319545037547e-13,-5.705489911633777e-07,1.041290885739609e-19
1.7285771702901798e-07,1.2853068399972794e-18,0.0,8.048425207546339e-13,1.2580424026964465e-06,5.0626234883055e-19

1.7285771702901798e-07,1.2853068399972794e-18,0.0,8.048425207546339e-13,1.2580424026964465e-06,5.0626234883055e-19
1.7285771702901798e-07,1.2853068399972794e-18,0.0,8.048425207546339e-13,1.2580424026964465e-06,5.0626234883055e-19
1.7412941089034462e-07,-4.8331697902378846e-17,0.0,2.355151230287733e-12,3.681316229631193e-06,4.335028597263804e-18
1.7412941089034462e-07,-4.8331697902378846e-17,0.0,2.355151230287733e-12,3.681316229631193e-06,4.335028597263804e-18
1.7347465686157193e-07,-2.347388393445526e-17,0.0,-3.049272206262499e-12,-4.7662911129009444e-06,7.26685364599164e-18
1.7267725027636516e-07,2.480330541739116e-22,-1.0961773710960188e-07,8.415794103266983e-15,1.3154653366598268e-08,5.534973752812294e-23
1.7267729468528614e-07,4.0215500324633334e-24,0.0,-1.0551235314062643e-15,-1.6492545107382739e-09,8.700591470563158e-25
1.7267729468528614e-07,5.001635443341785e-25,-4.3859194054363115e-09,-1.4007706780055505e-16,-2.189532444241138e-10,1.5328724487154847e-26
1.7412941089034462e-07,-4.8331697902378846e-17,0.0,2.355151230287733e-12,3.681316229631193e-06,4.335028597263804e-18
1.7412941089034462e-07,-4.8331697902378846e-17,0.0,2.355151230287733e-12,3.681316229631193e-06,4.335028597263804e-18

1.7285771702901798e-07,1.2853068399972794e-18,0.0,8.048425207546339e-13,1.2580424026964465e-06,5.0626234883055e-19
1.7412941089034462e-07,-4.8331697902378846e-17,0.0,2.355151230287733e-12,3.681316229631193e-06,4.335028597263804e-18
-0.5543521139770746,1.2299329973757267,-1062303.22265625,-1.456978440284729,1.1417498588562012,-1.1389833688735962
1.7412941089034462e-07,-4.8331697902378846e-17,0.0,2.355151230287733e-12,3.681316229631193e-06,4.335028597263804e-18
1.7412941089034462e-07,-4.8331697902378846e-17,0.0,2.355151230287733e-12,3.681316229631193e-06,4.335028597263804e-18
1.7267725027636516e-07,2.480330541739116e-22,-1.0961773710960188e-07,8.415794103266983e-15,1.3154653366598268e-08,5.534973752812294e-23
1.7285927134125245e-07,6.646643083577636e-18,-8.477105239990124e-06,1.7301525880378255e-12,2.70438658844796e-06,2.3394946605587206e-18
1.7285771702901798e-07,1.2853068399972794e-18,0.0,8.048425207546339e-13,1.2580424026964465e-06,5.0626234883055e-19
1.7270220808995873e-07,-1.4178187507475736e-18,0.0,-9.306754585741706e-13,-1.4547308637702372e-06,6.7694150395503465e-19
1.726836673654475e-07,6.933440011322982e-19,0.0,-2.1242141617743016e-13,-3.320340624668461e-07,3.526537846308076e-20

1.7285771702901798e-07,1.2853068399972794e-18,0.0,8.048425207546339e-13,1.2580424026964465e-06,5.0626234883055e-19
1.7285771702901798e-07,1.2853068399972794e-18,0.0,8.048425207546339e-13,1.2580424026964465e-06,5.0626234883055e-19
1.7268404484127586e-07,1.7716932407050078e-21,0.0,-3.4262916397305443e-13,-5.355606731427542e-07,9.174933550543036e-20
1.7285771702901798e-07,1.2853068399972794e-18,0.0,8.048425207546339e-13,1.2580424026964465e-06,5.0626234883055e-19
1.7412941089034462e-07,-4.8331697902378846e-17,0.0,2.355151230287733e-12,3.681316229631193e-06,4.335028597263804e-18
1.7285771702901798e-07,1.2853068399972794e-18,0.0,8.048425207546339e-13,1.2580424026964465e-06,5.0626234883055e-19
1.7267729468528614e-07,-4.282559454097678e-26,0.0,-5.187371647004e-16,-8.108335114442866e-10,2.1030223150764323e-25
1.7285771702901798e-07,1.2853068399972794e-18,0.0,8.048425207546339e-13,1.2580424026964465e-06,5.0626234883055e-19
1.7276947650302077e-07,1.0402629038021845e-18,4.238552619995062e-06,-3.234636137498109e-13,-5.056032250649878e-07,8.177219314954545e-20
1.7285771702901798e-07,1.2853068399972794e-18,0.0,8.048425207546339e-13,1.2580424026964465e-06,5.0626234883055e-19

1.7268404484127586e-07,1.7716932407050078e-21,0.0,-3.4262916397305443e-13,-5.355606731427542e-07,9.174933550543036e-20
1.7285771702901798e-07,1.2853068399972794e-18,0.0,8.048425207546339e-13,1.2580424026964465e-06,5.0626234883055e-19
1.726836673654475e-07,6.933440011322982e-19,0.0,-2.1242141617743016e-13,-3.320340624668461e-07,3.526537846308076e-20
299.9541997909546,157.64120817184448,-0.3231242299079895,0.006262957584112883,0.006551806814968586,0.4837522506713867
1.7285771702901798e-07,1.2853068399972794e-18,0.0,8.048425207546339e-13,1.2580424026964465e-06,5.0626234883055e-19
1.7285771702901798e-07,1.2853068399972794e-18,0.0,8.048425207546339e-13,1.2580424026964465e-06,5.0626234883055e-19
1.7285771702901798e-07,1.2853068399972794e-18,0.0,8.048425207546339e-13,1.2580424026964465e-06,5.0626234883055e-19
1.7268404484127586e-07,1.7716932407050078e-21,0.0,-3.4262916397305443e-13,-5.355606731427542e-07,9.174933550543036e-20
1.73181247120624e-07,-1.5713530302508996e-16,-2.5431316430513107e-05,-2.5218273649874057e-12,-3.941847353416961e-06,4.970319437726474e-18
1.727267329165727e-07,-2.0552009946044618e-18,0.0,4.921844724316282e-13,7.693294037380838e-07,1.8932640399554116e-19

1.7285771702901798e-07,1.2853068399972794e-18,0.0,8.048425207546339e-13,1.2580424026964465e-06,5.0626234883055e-19
1.7285771702901798e-07,1.2853068399972794e-18,0.0,8.048425207546339e-13,1.2580424026964465e-06,5.0626234883055e-19
1.73181247120624e-07,-1.5713530302508996e-16,-2.5431316430513107e-05,-2.5218273649874057e-12,-3.941847353416961e-06,4.970319437726474e-18
1.7285771702901798e-07,1.2853068399972794e-18,0.0,8.048425207546339e-13,1.2580424026964465e-06,5.0626234883055e-19
1.726836673654475e-07,6.933440011322982e-19,0.0,-2.1242141617743016e-13,-3.320340624668461e-07,3.526537846308076e-20
1.7268625418509487e-07,-2.0012635276181409e-19,0.0,-4.06400824451425e-13,-6.352415766741615e-07,1.2908122439617026e-19
1.7268881880028175e-07,-3.795103034806157e-19,0.0,2.5263271292638723e-13,3.948879907511582e-07,4.988053543824757e-20
1.7267729468528614e-07,-4.14461307323491e-23,0.0,-3.3403504487043495e-15,-5.221271859312537e-09,8.72001795921513e-24
1.7268404484127586e-07,1.7716932407050078e-21,0.0,-3.4262916397305443e-13,-5.355606731427542e-07,9.174933550543036e-20
1.7267729468528614e-07,0.0,0.0,0.0,-0.0,0.0

1.7268404484127586e-07,1.7716932407050078e-21,0.0,-3.4262916397305443e-13,-5.355606731427542e-07,9.174933550543036e-20
1.7285771702901798e-07,1.2853068399972794e-18,0.0,8.048425207546339e-13,1.2580424026964465e-06,5.0626234883055e-19
1.7267729468528614e-07,0.0,0.0,0.0,-0.0,0.0
1.7267729468528614e-07,0.0,0.0,0.0,-0.0,0.0
1.7285771702901798e-07,1.2853068399972794e-18,0.0,8.048425207546339e-13,1.2580424026964465e-06,5.0626234883055e-19
1.7285771702901798e-07,1.2853068399972794e-18,0.0,8.048425207546339e-13,1.2580424026964465e-06,5.0626234883055e-19
1.7285771702901798e-07,1.2853068399972794e-18,0.0,8.048425207546339e-13,1.2580424026964465e-06,5.0626234883055e-19
1.7285771702901798e-07,1.2853068399972794e-18,0.0,8.048425207546339e-13,1.2580424026964465e-06,5.0626234883055e-19
1.7271557517517522e-07,1.1563665885032383e-20,0.0,-3.949242734051228e-13,-6.173027031763922e-07,1.2189391667718236e-19
1.7271377661387532e-07,2.2997511265920824e-18,0.0,-5.96252105848627e-13,-9.319965670329111e-07,2.7785188061172852e-19

1.7267729468528614e-07,0.0,0.0,0.0,-0.0,0.0
1.7285771702901798e-07,1.2853068399972794e-18,0.0,8.048425207546339e-13,1.2580424026964465e-06,5.0626234883055e-19
1.7267729468528614e-07,0.0,0.0,0.0,-0.0,0.0
1.7285771702901798e-07,1.2853068399972794e-18,0.0,8.048425207546339e-13,1.2580424026964465e-06,5.0626234883055e-19
1.727104126381107e-07,-5.990702105637583e-19,0.0,5.135151743933253e-13,8.026710247577284e-07,2.0609176527425128e-19
1.7268654284308127e-07,-1.0873614692817028e-18,0.0,4.07251218425414e-13,6.365708600242215e-07,1.2962201957102095e-19
1.7285771702901798e-07,1.2853068399972794e-18,0.0,8.048425207546339e-13,1.2580424026964465e-06,5.0626234883055e-19
1.7285771702901798e-07,1.2853068399972794e-18,0.0,8.048425207546339e-13,1.2580424026964465e-06,5.0626234883055e-19
1.7285771702901798e-07,1.2853068399972794e-18,0.0,8.048425207546339e-13,1.2580424026964465e-06,5.0626234883055e-19
1.7271377661387532e-07,2.2997511265920824e-18,0.0,-5.96252105848627e-13,-9.319965670329111e-07,2.7785188061172852e-19

1.7285771702901798e-07,1.2853068399972794e-18,0.0,8.048425207546339e-13,1.2580424026964465e-06,5.0626234883055e-19
1.7267729468528614e-07,0.0,0.0,0.0,-0.0,0.0
2.106495574116707,0.0417437928263098,-974448.73046875,-0.22691184282302856,0.08786047995090485,-0.19783592224121094
1.7268030338968288e-07,-1.707892695045629e-20,-1.0596381549987655e-06,1.1267812312538983e-13,1.761262069521763e-07,9.922786734558662e-21
1.7267729468528614e-07,-2.1629104240332354e-25,0.0,-1.5514308401468968e-16,-2.4250285113325276e-10,1.8808052517158474e-26
1.7267729468528614e-07,0.0,0.0,0.0,-0.0,0.0
1.7285771702901798e-07,1.2853068399972794e-18,0.0,8.048425207546339e-13,1.2580424026964465e-06,5.0626234883055e-19
1.7267729468528614e-07,0.0,0.0,0.0,-0.0,0.0
1.7267729468528614e-07,1.241689213012233e-25,0.0,-1.0128802116165692e-16,-1.5832241073709952e-10,8.0171325203749e-27
1.7267729468528614e-07,-1.8988210359725272e-26,-4.737295191542534e-10,-9.980169009746244e-17,-1.5599915803576891e-10,7.782806164785261e-27

1.7267729468528614e-07,0.0,0.0,0.0,-0.0,0.0
1.7267729468528614e-07,0.0,0.0,0.0,-0.0,0.0
1.7267729468528614e-07,0.0,0.0,0.0,-0.0,0.0
1.7267729468528614e-07,0.0,0.0,0.0,-0.0,0.0
1.7267729468528614e-07,0.0,0.0,0.0,-0.0,0.0
1.7285771702901798e-07,1.2853068399972794e-18,0.0,8.048425207546339e-13,1.2580424026964465e-06,5.0626234883055e-19
1.7267729468528614e-07,0.0,0.0,0.0,-0.0,0.0
1.7285771702901798e-07,1.2853068399972794e-18,0.0,8.048425207546339e-13,1.2580424026964465e-06,5.0626234883055e-19
1.7267729468528614e-07,0.0,0.0,0.0,-0.0,0.0
1.7267729468528614e-07,2.742267899531826e-25,0.0,-2.2705893409365836e-16,-3.549139038216964e-10,4.028872264037498e-26

1.7267729468528614e-07,0.0,0.0,0.0,-0.0,0.0
1.7267729468528614e-07,0.0,0.0,0.0,-0.0,0.0
1.7285771702901798e-07,1.2853068399972794e-18,0.0,8.048425207546339e-13,1.2580424026964465e-06,5.0626234883055e-19
1.7267729468528614e-07,0.0,0.0,0.0,-0.0,0.0
1.7267729468528614e-07,0.0,0.0,0.0,-0.0,0.0
1.7267729468528614e-07,0.0,0.0,0.0,-0.0,0.0
1.7267729468528614e-07,0.0,0.0,0.0,-0.0,0.0
1.7285771702901798e-07,1.2853068399972794e-18,0.0,8.048425207546339e-13,1.2580424026964465e-06,5.0626234883055e-19
1.7267729468528614e-07,0.0,0.0,0.0,-0.0,0.0
1.7267729468528614e-07,0.0,0.0,0.0,-0.0,0.0

1.7267729468528614e-07,0.0,0.0,0.0,-0.0,0.0
1.7267729468528614e-07,0.0,0.0,0.0,-0.0,0.0
1.7267729468528614e-07,0.0,0.0,0.0,-0.0,0.0
1.7267729468528614e-07,0.0,0.0,0.0,-0.0,0.0
1.7267729468528614e-07,0.0,0.0,0.0,-0.0,0.0
1.7267729468528614e-07,0.0,0.0,0.0,-0.0,0.0
1.7267729468528614e-07,0.0,0.0,0.0,-0.0,0.0
1.7267729468528614e-07,-2.3593951451105823e-25,0.0,-3.450959134390809e-16,-5.394164559469061e-10,9.306619809414326e-26
1.7267729468528614e-07,0.0,0.0,0.0,-0.0,0.0
1.7267729468528614e-07,0.0,0.0,0.0,-0.0,0.0

1.7267729468528614e-07,0.0,0.0,0.0,-0.0,0.0
1.7267729468528614e-07,0.0,0.0,0.0,-0.0,0.0
1.7267729468528614e-07,0.0,0.0,0.0,-0.0,0.0
1.7267729468528614e-07,0.0,0.0,0.0,-0.0,0.0
1.7267729468528614e-07,0.0,0.0,0.0,-0.0,0.0
1.7267729468528614e-07,0.0,0.0,0.0,-0.0,0.0
1.7267729468528614e-07,0.0,0.0,0.0,-0.0,0.0
1.7267729468528614e-07,5.8346769888940455e-27,0.0,-1.4364247762973217e-17,-2.2452628298252897e-11,1.612048983917674e-28
1.7267729468528614e-07,0.0,0.0,0.0,-0.0,0.0
1.7267729468528614e-07,0.0,0.0,0.0,-0.0,0.0

1.7267729468528614e-07,0.0,0.0,0.0,-0.0,0.0
1.7267729468528614e-07,0.0,0.0,0.0,-0.0,0.0
1.7267729468528614e-07,0.0,0.0,0.0,-0.0,0.0
1.7267729468528614e-07,0.0,0.0,0.0,-0.0,0.0
1.7267729468528614e-07,0.0,0.0,0.0,-0.0,0.0
1.7267729468528614e-07,5.8346769888940455e-27,0.0,-1.4364247762973217e-17,-2.2452628298252897e-11,1.612048983917674e-28
1.7267729468528614e-07,0.0,0.0,0.0,-0.0,0.0
1.7267729468528614e-07,7.961471400859952e-22,0.0,-1.8728271158289372e-14,-2.927400188923457e-08,2.7412560522389725e-22
1.7267729468528614e-07,0.0,0.0,0.0,-0.0,0.0
1.7267729468528614e-07,0.0,0.0,0.0,-0.0,0.0

1.7267729468528614e-07,0.0,0.0,0.0,-0.0,0.0
1.7267729468528614e-07,0.0,0.0,0.0,-0.0,0.0
1.6934871283069697e-07,-1.4024206275442541e-09,2.0829002411737463e-08,-7.907814847385453e-08,-1.0573609765529568e-09,-4.748114124097924e-10
1.7267729468528614e-07,0.0,0.0,0.0,-0.0,0.0
1.7267733909420713e-07,5.623262055582671e-20,0.0,-1.2144877659971132e-13,-1.898355463936241e-07,1.1527644754295113e-20
1.7267729468528614e-07,7.961471400859952e-22,0.0,-1.8728271158289372e-14,-2.927400188923457e-08,2.7412560522389725e-22
1.7267729468528614e-07,5.8346769888940455e-27,0.0,-1.4364247762973217e-17,-2.2452628298252897e-11,1.612048983917674e-28
1.7267729468528614e-07,0.0,0.0,0.0,-0.0,0.0
1.7267729468528614e-07,0.0,0.0,0.0,-0.0,0.0
1.7267729468528614e-07,0.0,0.0,0.0,-0.0,0.0

1.7267729468528614e-07,0.0,0.0,0.0,-0.0,0.0
1.7267729468528614e-07,0.0,0.0,0.0,-0.0,0.0
1.7267729468528614e-07,0.0,0.0,0.0,-0.0,0.0
1.7267729468528614e-07,0.0,0.0,0.0,-0.0,0.0
1.7267729468528614e-07,0.0,0.0,0.0,-0.0,0.0
1.7267729468528614e-07,0.0,0.0,0.0,-0.0,0.0
1.7267729468528614e-07,0.0,0.0,0.0,-0.0,0.0
1.7267729468528614e-07,-2.478032971352633e-27,0.0,-2.806546394287088e-17,-4.3868887689146874e-11,6.155430509999532e-28
0.5930809304118156,-0.17450950108468533,-0.06352128111757338,-0.00526459189131856,-0.006589444354176521,0.011952651664614677
1.7267729468528614e-07,0.0,0.0,0.0,-0.0,0.0

1.7267729468528614e-07,0.0,0.0,0.0,-0.0,0.0
1.7267729468528614e-07,0.0,0.0,0.0,-0.0,0.0
1.7267729468528614e-07,0.0,0.0,0.0,-0.0,0.0
1.7267729468528614e-07,0.0,0.0,0.0,-0.0,0.0
1.7267729468528614e-07,7.961471400859952e-22,0.0,-1.8728271158289372e-14,-2.927400188923457e-08,2.7412560522389725e-22
1.7521595285785452e-07,1.1329667759518713e-08,2.2861290638331866e-08,2.7841215910484607e-07,1.3086617123292399e-08,-4.636197536989073e-10
1.7267729468528614e-07,5.151807011193941e-23,0.0,3.3566342335988398e-15,5.246726164642723e-09,8.805614100597041e-24
1.7267729468528614e-07,0.0,0.0,0.0,-0.0,0.0
1.7267729468528614e-07,0.0,0.0,0.0,-0.0,0.0
1.7267729468528614e-07,0.0,0.0,0.0,-0.0,0.0

1.7267729468528614e-07,0.0,0.0,0.0,-0.0,0.0
1.7267729468528614e-07,0.0,0.0,0.0,-0.0,0.0
1.7267729468528614e-07,0.0,0.0,0.0,-0.0,0.0
1.7267729468528614e-07,0.0,0.0,0.0,-0.0,0.0
1.7267729468528614e-07,0.0,0.0,0.0,-0.0,0.0
-1.7866399470989336e-07,-1.2092512546857392e-07,1.238959629334957e-08,6.912774779266329e-07,-4.5509190860215654e-10,9.114339505345015e-09
1.7267729468528614e-07,0.0,0.0,0.0,-0.0,0.0
1.7267729468528614e-07,0.0,0.0,0.0,-0.0,0.0
1.4011658500123758e-07,-8.12667919070087e-09,1.690910855778327e-07,1.5342808978857647e-07,2.7194035912003756e-09,4.62911681209377e-10
1.7267729468528614e-07,1.6298870523868825e-28,0.0,-4.6887761085348624e-18,-7.328986376120561e-12,1.7182645921110824e-29

1.7267729468528614e-07,0.0,0.0,0.0,-0.0,0.0
1.7267729468528614e-07,0.0,0.0,0.0,-0.0,0.0
1.4011658500123758e-07,-8.12667919070087e-09,1.690910855778327e-07,1.5342808978857647e-07,2.7194035912003756e-09,4.62911681209377e-10
1.7267729468528614e-07,-1.2745364296962434e-25,6.45071886531956e-10,-1.5657946660477577e-16,-2.44747999644801e-10,1.9159462317043235e-26
1.7820780406907488e-07,1.7242268723904886e-08,-1.3656602237954729e-08,3.2643362146700383e-07,-3.3210145744533293e-10,-9.364161668301563e-10
1.7267729468528614e-07,0.0,0.0,0.0,-0.0,0.0
1.7267729468528614e-07,0.0,0.0,0.0,-0.0,0.0
1.7267729468528614e-07,0.0,0.0,0.0,-0.0,0.0
1.7267729468528614e-07,5.197006768910842e-23,0.0,-5.018975991375688e-15,-7.84511922091724e-09,1.9687181937599214e-23
1.7267729468528614e-07,0.0,0.0,0.0,-0.0,0.0

1.7267729468528614e-07,0.0,0.0,0.0,-0.0,0.0
1.7267729468528614e-07,0.0,0.0,0.0,-0.0,0.0
1.7267729468528614e-07,0.0,0.0,0.0,-0.0,0.0
1.7267729468528614e-07,0.0,0.0,0.0,-0.0,0.0
1.7267729468528614e-07,0.0,0.0,0.0,-0.0,0.0
1.7267729468528614e-07,0.0,0.0,0.0,-0.0,0.0
1.7267729468528614e-07,0.0,0.0,0.0,-0.0,0.0
1.7267729468528614e-07,0.0,0.0,0.0,-0.0,0.0
7.184946526628266e-08,6.522470064052044e-09,1.109410341371131e-08,1.6010304193514457e-10,-2.0993091709442524e-09,-1.1264809224309502e-10
1.7267729468528614e-07,0.0,0.0,0.0,-0.0,0.0

1.7267729468528614e-07,0.0,0.0,0.0,-0.0,0.0
1.7267729468528614e-07,0.0,0.0,0.0,-0.0,0.0
1.7267729468528614e-07,0.0,0.0,0.0,-0.0,0.0
1.7267729468528614e-07,0.0,0.0,0.0,-0.0,0.0
1.7267729468528614e-07,0.0,0.0,0.0,-0.0,0.0
1.7267729468528614e-07,0.0,0.0,0.0,-0.0,0.0
1.7267729468528614e-07,-4.873360189028235e-24,0.0,-1.1476454696304436e-15,-1.7938748264612059e-09,1.0293637890165231e-24
1.7267729468528614e-07,0.0,0.0,0.0,-0.0,0.0
1.7267729468528614e-07,0.0,0.0,0.0,-0.0,0.0
1.7267729468528614e-07,0.0,0.0,0.0,-0.0,0.0

1.7267729468528614e-07,0.0,0.0,0.0,-0.0,0.0
1.7267729468528614e-07,0.0,0.0,0.0,-0.0,0.0
1.7267729468528614e-07,0.0,0.0,0.0,-0.0,0.0
1.7267729468528614e-07,0.0,0.0,0.0,-0.0,0.0
1.7267729468528614e-07,0.0,0.0,0.0,-0.0,0.0
1.7267729468528614e-07,0.0,0.0,0.0,-0.0,0.0
1.7267729468528614e-07,2.2478226337955276e-24,0.0,-4.601980824409449e-16,-7.193318163345452e-10,1.6550967392925608e-25
1.7267729468528614e-07,0.0,0.0,0.0,-0.0,0.0
1.7267729468528614e-07,0.0,0.0,0.0,-0.0,0.0
1.7267729468528614e-07,0.0,0.0,0.0,-0.0,0.0

1.7267729468528614e-07,0.0,0.0,0.0,-0.0,0.0
1.7267729468528614e-07,0.0,0.0,0.0,-0.0,0.0
1.7267729468528614e-07,0.0,0.0,0.0,-0.0,0.0
1.7267729468528614e-07,0.0,0.0,0.0,-0.0,0.0
1.7267729468528614e-07,0.0,0.0,0.0,-0.0,0.0
1.7267729468528614e-07,0.0,0.0,0.0,-0.0,0.0
1.7267729468528614e-07,0.0,0.0,0.0,-0.0,0.0
1.7267729468528614e-07,0.0,0.0,0.0,-0.0,0.0
1.7267729468528614e-07,0.0,0.0,0.0,-0.0,0.0
1.7267729468528614e-07,0.0,0.0,0.0,-0.0,0.0

1.7267729468528614e-07,0.0,0.0,0.0,-0.0,0.0
1.7267729468528614e-07,0.0,0.0,0.0,-0.0,0.0
1.7267729468528614e-07,-1.6636770413079913e-21,0.0,-1.5988819223136143e-14,-2.4991983593736222e-08,1.9979437232499322e-22
1.7267729468528614e-07,0.0,0.0,0.0,-0.0,0.0
1.7267729468528614e-07,0.0,0.0,0.0,-0.0,0.0
1.7267729468528614e-07,0.0,0.0,0.0,-0.0,0.0
1.7267811625032436e-07,3.3232302333478493e-21,0.0,-3.218653371172414e-14,-5.0310497101691e-08,8.096659314603018e-22
1.7267729468528614e-07,0.0,0.0,0.0,-0.0,0.0
1.7267729468528614e-07,2.301181216239556e-24,0.0,8.667692384417992e-15,1.3548396182727629e-08,5.871652014095932e-23
1.7267729468528614e-07,0.0,0.0,0.0,-0.0,0.0

1.7267729468528614e-07,0.0,0.0,0.0,-0.0,0.0
1.7267729468528614e-07,0.0,0.0,0.0,-0.0,0.0
1.7267729468528614e-07,0.0,0.0,0.0,-0.0,0.0
1.7267729468528614e-07,0.0,0.0,0.0,-0.0,0.0
1.7267729468528614e-07,0.0,0.0,0.0,-0.0,0.0
1.7267729468528614e-07,0.0,0.0,0.0,-0.0,0.0
1.7268229068889696e-07,5.127797630379922e-19,0.0,2.486489475688608e-13,3.8866102158863214e-07,4.8320001051529463e-20
1.7267729468528614e-07,0.0,0.0,0.0,-0.0,0.0
1.7267729468528614e-07,-1.2204666745090908e-23,0.0,-4.6759039308151736e-15,-7.3088646246333155e-09,1.708766595156433e-23
1.7267729468528614e-07,2.301181216239556e-24,0.0,8.667692384417992e-15,1.3548396182727629e-08,5.871652014095932e-23

1.7267729468528614e-07,0.0,0.0,0.0,-0.0,0.0
1.7267729468528614e-07,0.0,0.0,0.0,-0.0,0.0
1.7267729468528614e-07,0.0,0.0,0.0,-0.0,0.0
1.7267729468528614e-07,0.0,0.0,0.0,-0.0,0.0
1.7267729468528614e-07,0.0,0.0,0.0,-0.0,0.0
1.726787268729879e-07,2.2316408003046533e-21,-5.544618097985676e-07,7.936399204922645e-14,1.2405317306729557e-07,4.922684303448047e-21
1.7268699803452137e-07,-1.778179621099195e-19,0.0,-3.9282590852049437e-13,-6.140227242212859e-07,1.2060210612961888e-19
1.7267729468528614e-07,0.0,0.0,0.0,-0.0,0.0
1.7267729468528614e-07,0.0,0.0,0.0,-0.0,0.0
1.7267729468528614e-07,0.0,0.0,0.0,-0.0,0.0

1.7267729468528614e-07,0.0,0.0,0.0,-0.0,0.0
1.7267729468528614e-07,0.0,0.0,0.0,-0.0,0.0
1.7267729468528614e-07,0.0,0.0,0.0,-0.0,0.0
1.7267729468528614e-07,0.0,0.0,0.0,-0.0,0.0
1.7267729468528614e-07,0.0,0.0,0.0,-0.0,0.0
-621021200.0,-1354562.01171875,2927606.25,0.16673937439918518,-3.033496379852295,-0.02965427190065384
1.7267729468528614e-07,0.0,0.0,0.0,-0.0,0.0
1.7267729468528614e-07,0.0,0.0,0.0,-0.0,0.0
9.036077441848533e-08,-3.193663111744627e-08,1.388367198984497e-06,3.3533004284436174e-07,1.0728659738390434e-08,-1.0862416743862013e-08
1.7267729468528614e-07,0.0,0.0,0.0,-0.0,0.0

1.7267729468528614e-07,0.0,0.0,0.0,-0.0,0.0
1.7267729468528614e-07,0.0,0.0,0.0,-0.0,0.0
1.7267729468528614e-07,0.0,0.0,0.0,-0.0,0.0
1.7267729468528614e-07,0.0,0.0,0.0,-0.0,0.0
1.7267729468528614e-07,0.0,0.0,0.0,-0.0,0.0
1.7267729468528614e-07,3.157775199822971e-27,2.987401992449179e-10,-4.4607064490681704e-17,-6.972491334300557e-11,1.5549697407475078e-27
1.7267729468528614e-07,0.0,0.0,0.0,-0.0,0.0
1.7267729468528614e-07,0.0,0.0,0.0,-0.0,0.0
1.7267729468528614e-07,0.0,0.0,0.0,-0.0,0.0
1.7267729468528614e-07,0.0,0.0,0.0,-0.0,0.0

1.7267729468528614e-07,0.0,0.0,0.0,-0.0,0.0
1.7267729468528614e-07,0.0,0.0,0.0,-0.0,0.0
1.7267729468528614e-07,0.0,0.0,0.0,-0.0,0.0
1.7267729468528614e-07,0.0,0.0,0.0,-0.0,0.0
1.7267809404586387e-07,1.9174311908678825e-21,0.0,-4.7007028532251166e-14,-7.347627217768604e-08,1.7269394576122645e-21
1.7267729468528614e-07,0.0,0.0,0.0,-0.0,0.0
1.7267729468528614e-07,0.0,0.0,0.0,-0.0,0.0
1.7267729468528614e-07,0.0,0.0,0.0,-0.0,0.0
1.7267729468528614e-07,0.0,0.0,0.0,-0.0,0.0
1.7267729468528614e-07,0.0,0.0,0.0,-0.0,0.0

1.7267729468528614e-07,0.0,0.0,0.0,-0.0,0.0
1.7267729468528614e-07,0.0,0.0,0.0,-0.0,0.0
1.7267729468528614e-07,-9.279255457207373e-23,-3.465386311241048e-08,6.434285460525267e-15,1.0057378041494758e-08,3.2355934665763125e-23
1.7267729468528614e-07,0.0,0.0,0.0,-0.0,0.0
1.7267729468528614e-07,0.0,0.0,0.0,-0.0,0.0
1.7267729468528614e-07,0.0,0.0,0.0,-0.0,0.0
1.7267729468528614e-07,0.0,0.0,0.0,-0.0,0.0
1.7267729468528614e-07,0.0,0.0,0.0,-0.0,0.0
1.727015974672952e-07,-2.5854406501365017e-19,0.0,-1.9481680537444118e-13,-3.0451647603513265e-07,2.966223147705701e-20
1.7267729468528614e-07,0.0,0.0,0.0,-0.0,0.0

1.7267729468528614e-07,0.0,0.0,0.0,-0.0,0.0
1.7267729468528614e-07,0.0,0.0,0.0,-0.0,0.0
1.7267731688974663e-07,-1.4051422368902797e-21,-2.079231897766931e-07,-2.1945442052397502e-15,-3.430271178217481e-09,3.764811848896501e-24
1.7267729468528614e-07,0.0,0.0,0.0,-0.0,0.0
1.7267729468528614e-07,0.0,0.0,0.0,-0.0,0.0
1.7267729468528614e-07,0.0,0.0,0.0,-0.0,0.0
1.7267729468528614e-07,0.0,0.0,0.0,-0.0,0.0
1.7267729468528614e-07,0.0,0.0,0.0,-0.0,0.0
1.7267729468528614e-07,0.0,0.0,0.0,-0.0,0.0
1.7267729468528614e-07,0.0,0.0,0.0,-0.0,0.0

1.7267729468528614e-07,0.0,0.0,0.0,-0.0,0.0
1.7267729468528614e-07,0.0,0.0,0.0,-0.0,0.0
1.7267729468528614e-07,0.0,0.0,0.0,-0.0,0.0
1.7267729468528614e-07,0.0,0.0,0.0,-0.0,0.0
1.7267729468528614e-07,0.0,0.0,0.0,-0.0,0.0
1.7267729468528614e-07,0.0,0.0,0.0,-0.0,0.0
1.7267729468528614e-07,0.0,0.0,0.0,-0.0,0.0
1.1155961487929744e-06,8.382933236461554e-09,2.303794666147496e-06,9.58911812176666e-08,8.449175936675601e-08,-1.531432225476692e-08
1.7267729468528614e-07,1.064701897949643e-23,0.0,1.4374244406112043e-15,2.2468256144492216e-09,1.6147995548863821e-24
1.7267810514809412e-07,8.875467733754362e-22,0.0,5.6258905140830345e-14,8.793780637006421e-08,2.473670697142758e-21

1.7267729468528614e-07,0.0,0.0,0.0,-0.0,0.0
1.7267729468528614e-07,0.0,0.0,0.0,-0.0,0.0
1.7267810514809412e-07,8.875467733754362e-22,0.0,5.6258905140830345e-14,8.793780637006421e-08,2.473670697142758e-21
1.7267810514809412e-07,8.875467733754362e-22,0.0,5.6258905140830345e-14,8.793780637006421e-08,2.473670697142758e-21
1.7267729468528614e-07,0.0,0.0,0.0,-0.0,0.0
1.7267729468528614e-07,0.0,0.0,0.0,-0.0,0.0
1.7267729468528614e-07,0.0,0.0,0.0,-0.0,0.0
1.7267729468528614e-07,0.0,0.0,0.0,-0.0,0.0
1.7267729468528614e-07,0.0,0.0,0.0,-0.0,0.0
1.7267729468528614e-07,0.0,0.0,0.0,-0.0,0.0

1.7267729468528614e-07,0.0,0.0,0.0,-0.0,0.0
1.7267729468528614e-07,0.0,0.0,0.0,-0.0,0.0
1.7267729468528614e-07,0.0,0.0,0.0,-0.0,0.0
1.7267729468528614e-07,0.0,0.0,0.0,-0.0,0.0
1.7267729468528614e-07,3.219154985818091e-23,0.0,-1.5592169787562952e-15,-2.437198887150771e-09,1.8998582886849077e-24
1.7267810514809412e-07,8.875467733754362e-22,0.0,5.6258905140830345e-14,8.793780637006421e-08,2.473670697142758e-21
1.7267729468528614e-07,0.0,0.0,0.0,-0.0,0.0
1.7267729468528614e-07,0.0,0.0,0.0,-0.0,0.0
1.7267729468528614e-07,0.0,0.0,0.0,-0.0,0.0
1.7267729468528614e-07,0.0,0.0,0.0,-0.0,0.0

1.7267729468528614e-07,0.0,0.0,0.0,-0.0,0.0
1.7267729468528614e-07,0.0,0.0,0.0,-0.0,0.0
1.7267729468528614e-07,0.0,0.0,0.0,-0.0,0.0
1.7267729468528614e-07,0.0,0.0,0.0,-0.0,0.0
1.7267729468528614e-07,0.0,0.0,0.0,-0.0,0.0
1.7267729468528614e-07,0.0,0.0,0.0,-0.0,0.0
1.7267729468528614e-07,0.0,0.0,0.0,-0.0,0.0
1.7267729468528614e-07,0.0,0.0,0.0,-0.0,0.0
1.7267729468528614e-07,0.0,0.0,0.0,-0.0,0.0
1.7267729468528614e-07,0.0,0.0,0.0,-0.0,0.0

1.7267729468528614e-07,0.0,0.0,0.0,-0.0,0.0
1.7267729468528614e-07,0.0,0.0,0.0,-0.0,0.0
1.7267729468528614e-07,0.0,0.0,0.0,-0.0,0.0
1.7267729468528614e-07,0.0,0.0,0.0,-0.0,0.0
1.7267729468528614e-07,0.0,0.0,0.0,-0.0,0.0
1.7267729468528614e-07,0.0,0.0,0.0,-0.0,0.0
1.7267729468528614e-07,0.0,0.0,0.0,-0.0,0.0
1.7267729468528614e-07,0.0,0.0,0.0,-0.0,0.0
1.7267729468528614e-07,0.0,0.0,0.0,-0.0,0.0
1.7267729468528614e-07,0.0,0.0,0.0,-0.0,0.0

1.7267729468528614e-07,0.0,0.0,0.0,-0.0,0.0
1.7267729468528614e-07,0.0,0.0,0.0,-0.0,0.0
1.7267729468528614e-07,0.0,0.0,0.0,-0.0,0.0
1.7267729468528614e-07,0.0,0.0,0.0,-0.0,0.0
1.7267729468528614e-07,0.0,0.0,0.0,-0.0,0.0
1.7267729468528614e-07,0.0,0.0,0.0,-0.0,0.0
1.7267729468528614e-07,0.0,0.0,0.0,-0.0,0.0
1.7267729468528614e-07,-3.356785773014964e-22,0.0,-8.363022256587145e-15,-1.3072168236760717e-08,5.466075903527739e-23
1.7267729468528614e-07,0.0,0.0,0.0,-0.0,0.0
1.7267729468528614e-07,0.0,0.0,0.0,-0.0,0.0

1.7267729468528614e-07,0.0,0.0,0.0,-0.0,0.0
1.7267729468528614e-07,0.0,0.0,0.0,-0.0,0.0
1.7267729468528614e-07,0.0,0.0,0.0,-0.0,0.0
1.7267729468528614e-07,0.0,0.0,0.0,-0.0,0.0
1.7267729468528614e-07,0.0,0.0,0.0,-0.0,0.0
1.7267729468528614e-07,0.0,0.0,0.0,-0.0,0.0
1.7267729468528614e-07,0.0,0.0,0.0,-0.0,0.0
1.7267729468528614e-07,0.0,0.0,0.0,-0.0,0.0
1.7267729468528614e-07,0.0,0.0,0.0,-0.0,0.0
1.7267729468528614e-07,0.0,0.0,0.0,-0.0,0.0

1.7267729468528614e-07,0.0,0.0,0.0,-0.0,0.0
1.7267729468528614e-07,0.0,0.0,0.0,-0.0,0.0
1.7267729468528614e-07,0.0,0.0,0.0,-0.0,0.0
1.7267729468528614e-07,0.0,0.0,0.0,-0.0,0.0
1.7267729468528614e-07,2.369979353505691e-22,0.0,-3.495475003873318e-15,-5.463745011979881e-09,9.548837035868302e-24
1.7267729468528614e-07,0.0,0.0,0.0,-0.0,0.0
1.7267729468528614e-07,0.0,0.0,0.0,-0.0,0.0
1.7267729468528614e-07,0.0,0.0,0.0,-0.0,0.0
1.7267729468528614e-07,0.0,0.0,0.0,-0.0,0.0
1.7267729468528614e-07,1.1963504570793858e-22,0.0,-8.876490241080913e-15,-1.3874766224830637e-08,6.15792711224574e-23

1.7267729468528614e-07,0.0,0.0,0.0,-0.0,0.0
1.7267729468528614e-07,0.0,0.0,0.0,-0.0,0.0
1.7267729468528614e-07,0.0,0.0,0.0,-0.0,0.0
1.7267729468528614e-07,0.0,0.0,0.0,-0.0,0.0
1.7267729468528614e-07,0.0,0.0,0.0,-0.0,0.0
1.7267729468528614e-07,0.0,0.0,0.0,-0.0,0.0
1.7267729468528614e-07,5.20865153454103e-26,0.0,-1.1381817293294489e-16,-1.779081881814193e-10,1.0124398013489928e-26
1.7267729468528614e-07,0.0,0.0,0.0,-0.0,0.0
1.7267729468528614e-07,0.0,0.0,0.0,-0.0,0.0
1.7267729468528614e-07,-5.2554662923683766e-23,0.0,-7.92570846328217e-15,-1.2388605696855848e-08,4.909364772027512e-23

1.7267729468528614e-07,0.0,0.0,0.0,-0.0,0.0
1.7267729468528614e-07,0.0,0.0,0.0,-0.0,0.0
1.7267729468528614e-07,0.0,0.0,0.0,-0.0,0.0
1.7267729468528614e-07,0.0,0.0,0.0,-0.0,0.0
1.7267729468528614e-07,0.0,0.0,0.0,-0.0,0.0
1.7267729468528614e-07,0.0,0.0,0.0,-0.0,0.0
1.7267729468528614e-07,-5.028658132495115e-22,-1.73269343317628e-08,-5.113341390930448e-15,-7.99261989925526e-09,2.0434446207287922e-23
1.7267729468528614e-07,0.0,0.0,0.0,-0.0,0.0
1.7267729468528614e-07,0.0,0.0,0.0,-0.0,0.0
1.7267729468528614e-07,0.0,0.0,0.0,-0.0,0.0

1.7267729468528614e-07,0.0,0.0,0.0,-0.0,0.0
1.7267729468528614e-07,0.0,0.0,0.0,-0.0,0.0
1.7267729468528614e-07,9.928731234859962e-26,0.0,-1.838720593053914e-16,-2.874088189663837e-10,2.642275119044597e-26
1.7267729468528614e-07,0.0,0.0,0.0,-0.0,0.0
1.7267729468528614e-07,0.0,0.0,0.0,-0.0,0.0
1.7267729468528614e-07,0.0,0.0,0.0,-0.0,0.0
1.7267729468528614e-07,0.0,0.0,0.0,-0.0,0.0
1.7267729468528614e-07,0.0,0.0,0.0,-0.0,0.0
1.7267729468528614e-07,-5.028658132495115e-22,-1.73269343317628e-08,-5.113341390930448e-15,-7.99261989925526e-09,2.0434446207287922e-23
1.7267729468528614e-07,0.0,0.0,0.0,-0.0,0.0

1.7267729468528614e-07,0.0,0.0,0.0,-0.0,0.0
1.7267729468528614e-07,0.0,0.0,0.0,-0.0,0.0
1.7267729468528614e-07,0.0,0.0,0.0,-0.0,0.0
1.7267729468528614e-07,0.0,0.0,0.0,-0.0,0.0
1.7268684260329792e-07,-7.333363916117719e-08,1.0015101636895452e-06,2.8212994607201836e-07,2.0829382663123397e-09,-2.817069291055109e-14
1.7267729468528614e-07,0.0,0.0,0.0,-0.0,0.0
1.726780274324824e-07,2.403192172552532e-22,0.0,3.85555370724551e-14,6.026582610729747e-08,1.1617905184084993e-21
1.7267729468528614e-07,0.0,0.0,0.0,-0.0,0.0
1.7267729468528614e-07,0.0,0.0,0.0,-0.0,0.0
1.7267729468528614e-07,0.0,0.0,0.0,-0.0,0.0

1.7267729468528614e-07,0.0,0.0,0.0,-0.0,0.0
1.7267729468528614e-07,0.0,0.0,0.0,-0.0,0.0
1.7267729468528614e-07,1.2213893952491665e-23,1.732693155620524e-08,-4.432295561118942e-15,-6.928082552093429e-09,1.5353577710211207e-23
1.7267774987672624e-07,6.131841454262344e-22,0.0,4.123500721648146e-14,6.445409894695331e-08,1.3288874644927465e-21
1.7267729468528614e-07,8.7775271024971e-23,-1.386154524496419e-08,5.4876837903212235e-15,8.577750953975283e-09,2.3535701394870527e-23
1.7267729468528614e-07,0.0,0.0,0.0,-0.0,0.0
1.7267729468528614e-07,0.0,0.0,0.0,-0.0,0.0
1.7267729468528614e-07,0.0,0.0,0.0,-0.0,0.0
1.7267729468528614e-07,0.0,0.0,0.0,-0.0,0.0
1.7267729468528614e-07,0.0,0.0,0.0,-0.0,0.0

1.7267729468528614e-07,0.0,0.0,0.0,-0.0,0.0
1.7267729468528614e-07,0.0,0.0,0.0,-0.0,0.0
1.7267729468528614e-07,0.0,0.0,0.0,-0.0,0.0
1.7267729468528614e-07,0.0,0.0,0.0,-0.0,0.0
1.7267729468528614e-07,0.0,0.0,0.0,-0.0,0.0
-4.4614895111649844e-08,-5.6673910009408246e-08,-1.2001258653526747e-06,8.313477195542873e-08,1.243966263331231e-08,-9.207957063495087e-09
1.7267729468528614e-07,0.0,0.0,0.0,-0.0,0.0
1.7267729468528614e-07,5.36561863834988e-24,0.0,7.960754451474816e-16,1.2443386321336902e-09,4.952589557303624e-25
1.7267729468528614e-07,1.2213893952491665e-23,1.732693155620524e-08,-4.432295561118942e-15,-6.928082552093429e-09,1.5353577710211207e-23
1.7267729468528614e-07,8.7775271024971e-23,-1.386154524496419e-08,5.4876837903212235e-15,8.577750953975283e-09,2.3535701394870527e-23

1.7267729468528614e-07,0.0,0.0,0.0,-0.0,0.0
1.7267729468528614e-07,0.0,0.0,0.0,-0.0,0.0
1.7267729468528614e-07,0.0,0.0,0.0,-0.0,0.0
1.7267729468528614e-07,0.0,0.0,0.0,-0.0,0.0
1.7267729468528614e-07,0.0,0.0,0.0,-0.0,0.0
1.7267729468528614e-07,0.0,0.0,0.0,-0.0,0.0
1.7267729468528614e-07,0.0,0.0,0.0,-0.0,0.0
1.7267729468528614e-07,0.0,0.0,0.0,-0.0,0.0
-4.656957458548661e-09,-9.763315711452947e-08,1.4886007093650733e-06,6.062721809030336e-07,-2.266313137155862e-09,-6.773064775700277e-09
1.7267729468528614e-07,0.0,0.0,0.0,-0.0,0.0

1.7267729468528614e-07,0.0,0.0,0.0,-0.0,0.0
1.7267729468528614e-07,0.0,0.0,0.0,-0.0,0.0
1.7267729468528614e-07,0.0,0.0,0.0,-0.0,0.0
1.7267729468528614e-07,0.0,0.0,0.0,-0.0,0.0
1.7267729468528614e-07,1.551606323655649e-23,9.24103016330946e-08,-8.901314659182568e-16,-1.3913581398128372e-09,6.192636005999333e-25
1.7267729468528614e-07,0.0,0.0,0.0,-0.0,0.0
1.7267729468528614e-07,0.0,0.0,0.0,-0.0,0.0
1.7267729468528614e-07,0.0,0.0,0.0,-0.0,0.0
1.7267729468528614e-07,0.0,0.0,0.0,-0.0,0.0
1.7267729468528614e-07,0.0,0.0,0.0,-0.0,0.0

1.7267729468528614e-07,0.0,0.0,0.0,-0.0,0.0
1.7267729468528614e-07,0.0,0.0,0.0,-0.0,0.0
1.7267729468528614e-07,0.0,0.0,0.0,-0.0,0.0
1.7267729468528614e-07,0.0,0.0,0.0,-0.0,0.0
1.7267729468528614e-07,0.0,0.0,0.0,-0.0,0.0
1.7267729468528614e-07,0.0,0.0,0.0,-0.0,0.0
1.7267729468528614e-07,0.0,0.0,0.0,-0.0,0.0
1.7267729468528614e-07,0.0,0.0,0.0,-0.0,0.0
1.7267729468528614e-07,0.0,0.0,0.0,-0.0,0.0
1.7267729468528614e-07,0.0,0.0,0.0,-0.0,0.0

1.7267729468528614e-07,0.0,0.0,0.0,-0.0,0.0
1.7267729468528614e-07,0.0,0.0,0.0,-0.0,0.0
1.7267729468528614e-07,-1.2344748227297463e-22,0.0,-1.4724646266281623e-14,-2.3015967798301062e-08,1.694506419681625e-22
1.7267729468528614e-07,0.0,0.0,0.0,-0.0,0.0
1.7267729468528614e-07,0.0,0.0,0.0,-0.0,0.0
1.7267729468528614e-07,6.164565869801241e-25,0.0,3.0002645498598205e-16,4.689686972092488e-10,7.035033203072202e-26
1.7267729468528614e-07,0.0,0.0,0.0,-0.0,0.0
1.7267729468528614e-07,0.0,0.0,0.0,-0.0,0.0
1.7267729468528614e-07,0.0,0.0,0.0,-0.0,0.0
1.7267729468528614e-07,-1.2819477225880868e-21,0.0,-1.8312008674822508e-14,-2.8623338366173812e-08,2.620740067808803e-22

1.7267729468528614e-07,0.0,0.0,0.0,-0.0,0.0
1.7267729468528614e-07,0.0,0.0,0.0,-0.0,0.0
1.7267729468528614e-07,0.0,0.0,0.0,-0.0,0.0
1.7267729468528614e-07,0.0,0.0,0.0,-0.0,0.0
1.7267729468528614e-07,-1.6640614424418978e-25,0.0,-2.7421749343204153e-16,-4.286270505193812e-10,5.876766608566074e-26
1.7267729468528614e-07,0.0,0.0,0.0,-0.0,0.0
1.7267729468528614e-07,0.0,0.0,0.0,-0.0,0.0
1.7267729468528614e-07,-7.652353099705477e-22,0.0,-1.3793781621204617e-14,-2.1560936147579923e-08,1.4869885437364409e-22
1.7267729468528614e-07,0.0,0.0,0.0,-0.0,0.0
1.7267729468528614e-07,0.0,0.0,0.0,-0.0,0.0

1.7267729468528614e-07,0.0,0.0,0.0,-0.0,0.0
1.7267729468528614e-07,0.0,0.0,0.0,-0.0,0.0
1.7267729468528614e-07,-5.691994307186002e-23,-1.386154524496419e-08,-2.166334619964393e-15,-3.386179114883703e-09,3.667791818315632e-24
1.7267729468528614e-07,0.0,0.0,0.0,-0.0,0.0
1.7267729468528614e-07,0.0,0.0,0.0,-0.0,0.0
1.7267729468528614e-07,0.0,0.0,0.0,-0.0,0.0
1.7267729468528614e-07,0.0,0.0,0.0,-0.0,0.0
1.7267729468528614e-07,0.0,0.0,0.0,-0.0,0.0
1.7267729468528614e-07,0.0,0.0,0.0,-0.0,0.0
1.7267729468528614e-07,0.0,0.0,0.0,-0.0,0.0

1.7267729468528614e-07,0.0,0.0,0.0,-0.0,0.0
1.7267729468528614e-07,0.0,0.0,0.0,-0.0,0.0
1.7267729468528614e-07,0.0,0.0,0.0,-0.0,0.0
1.7267729468528614e-07,0.0,0.0,0.0,-0.0,0.0
1.7267729468528614e-07,0.0,0.0,0.0,-0.0,0.0
1.7267729468528614e-07,-5.691994307186002e-23,-1.386154524496419e-08,-2.166334619964393e-15,-3.386179114883703e-09,3.667791818315632e-24
1.7267729468528614e-07,0.0,0.0,0.0,-0.0,0.0
1.7267729468528614e-07,0.0,0.0,0.0,-0.0,0.0
1.7267729468528614e-07,0.0,0.0,0.0,-0.0,0.0
1.7267729468528614e-07,0.0,0.0,0.0,-0.0,0.0

1.7267729468528614e-07,0.0,0.0,0.0,-0.0,0.0
1.7267729468528614e-07,0.0,0.0,0.0,-0.0,0.0
1.7267729468528614e-07,0.0,0.0,0.0,-0.0,0.0
1.7267729468528614e-07,0.0,0.0,0.0,-0.0,0.0
1.7267729468528614e-07,0.0,0.0,0.0,-0.0,0.0
1.7267729468528614e-07,-1.4005097301104599e-22,-2.772309048992838e-08,-4.7869906077816805e-15,-7.48250439386311e-09,1.790954384111246e-23
1.7267729468528614e-07,0.0,0.0,0.0,-0.0,0.0
1.7267729468528614e-07,-5.691994307186002e-23,-1.386154524496419e-08,-2.166334619964393e-15,-3.386179114883703e-09,3.667791818315632e-24
1.7267729468528614e-07,0.0,0.0,0.0,-0.0,0.0
1.7267729468528614e-07,0.0,0.0,0.0,-0.0,0.0

1.7267729468528614e-07,0.0,0.0,0.0,-0.0,0.0
1.7267729468528614e-07,0.0,0.0,0.0,-0.0,0.0
1.7267729468528614e-07,0.0,0.0,0.0,-0.0,0.0
1.7267729468528614e-07,0.0,0.0,0.0,-0.0,0.0
1.7267729468528614e-07,0.0,0.0,0.0,-0.0,0.0
1.7267729468528614e-07,0.0,0.0,0.0,-0.0,0.0
1.7267729468528614e-07,0.0,0.0,0.0,-0.0,0.0
1.7267729468528614e-07,0.0,0.0,0.0,-0.0,0.0
1.7267729468528614e-07,0.0,0.0,0.0,-0.0,0.0
1.7267729468528614e-07,0.0,0.0,0.0,-0.0,0.0

1.7267729468528614e-07,0.0,0.0,0.0,-0.0,0.0
1.7267729468528614e-07,0.0,0.0,0.0,-0.0,0.0
1.7267729468528614e-07,0.0,0.0,0.0,-0.0,0.0
1.7267729468528614e-07,0.0,0.0,0.0,-0.0,0.0
1.7267729468528614e-07,0.0,0.0,0.0,-0.0,0.0
1.7267729468528614e-07,0.0,0.0,0.0,-0.0,0.0
1.7267729468528614e-07,0.0,0.0,0.0,-0.0,0.0
1.7267729468528614e-07,0.0,0.0,0.0,-0.0,0.0
1.7267729468528614e-07,0.0,0.0,0.0,-0.0,0.0
1.7267729468528614e-07,-2.8987217815290952e-24,-6.930772622482095e-09,-9.651120929586284e-16,-1.5085582782958795e-09,7.27941023207706e-25

1.7267729468528614e-07,0.0,0.0,0.0,-0.0,0.0
1.7267729468528614e-07,0.0,0.0,0.0,-0.0,0.0
1.7267729468528614e-07,0.0,0.0,0.0,-0.0,0.0
1.7267729468528614e-07,0.0,0.0,0.0,-0.0,0.0
1.7267729468528614e-07,0.0,0.0,0.0,-0.0,0.0
1.7267729468528614e-07,0.0,0.0,0.0,-0.0,0.0
1.7267729468528614e-07,0.0,0.0,0.0,-0.0,0.0
1.7267729468528614e-07,0.0,0.0,0.0,-0.0,0.0
1.7267729468528614e-07,0.0,0.0,0.0,-0.0,0.0
1.7267729468528614e-07,5.477402940329059e-23,0.0,-4.820946041054737e-15,-7.53558015986755e-09,1.8163902573670113e-23

1.7267729468528614e-07,0.0,0.0,0.0,-0.0,0.0
1.7267729468528614e-07,0.0,0.0,0.0,-0.0,0.0
1.7267729468528614e-07,0.0,0.0,0.0,-0.0,0.0
1.7267729468528614e-07,0.0,0.0,0.0,-0.0,0.0
1.7267729468528614e-07,0.0,0.0,0.0,-0.0,0.0
1.7267729468528614e-07,0.0,0.0,0.0,-0.0,0.0
1.7267729468528614e-07,0.0,0.0,0.0,-0.0,0.0
1.7267729468528614e-07,0.0,0.0,0.0,-0.0,0.0
1.7267729468528614e-07,0.0,0.0,0.0,-0.0,0.0
1.7267729468528614e-07,6.705373365791055e-28,0.0,-1.72864551827189e-17,-2.7020309600889192e-11,2.3346339452980817e-28

1.7267729468528614e-07,0.0,0.0,0.0,-0.0,0.0
1.7267729468528614e-07,0.0,0.0,0.0,-0.0,0.0
1.7267729468528614e-07,0.0,0.0,0.0,-0.0,0.0
1.7267729468528614e-07,-1.4011138003486328e-22,0.0,-5.5795898297136305e-15,-8.72140937246968e-09,2.4330754858197524e-23
1.7267729468528614e-07,0.0,0.0,0.0,-0.0,0.0
1.7267729468528614e-07,0.0,0.0,0.0,-0.0,0.0
1.7267729468528614e-07,0.0,0.0,0.0,-0.0,0.0
1.7267729468528614e-07,0.0,0.0,0.0,-0.0,0.0
1.7267729468528614e-07,0.0,0.0,0.0,-0.0,0.0
1.7267729468528614e-07,0.0,0.0,0.0,-0.0,0.0

1.7267729468528614e-07,0.0,0.0,0.0,-0.0,0.0
1.7267729468528614e-07,0.0,0.0,0.0,-0.0,0.0
1.7267729468528614e-07,4.362351502065619e-24,0.0,-1.9335847891354882e-15,-3.0223699098996804e-09,2.9219400040777225e-24
1.7267729468528614e-07,0.0,0.0,0.0,-0.0,0.0
1.7267729468528614e-07,0.0,0.0,0.0,-0.0,0.0
1.7267729468528614e-07,-1.35244088528127e-22,0.0,-2.453542104796408e-15,-3.835111339611785e-09,4.704918688892822e-24
1.7267729468528614e-07,0.0,0.0,0.0,-0.0,0.0
1.7268245722235065e-07,1.0941392208154875e-19,0.0,-1.355032893616409e-13,-2.1180397880016244e-07,1.435001489268802e-20
1.7267729468528614e-07,0.0,0.0,0.0,-0.0,0.0
1.7267729468528614e-07,0.0,0.0,0.0,-0.0,0.0

1.7267729468528614e-07,0.0,0.0,0.0,-0.0,0.0
1.7267729468528614e-07,0.0,0.0,0.0,-0.0,0.0
1.7267729468528614e-07,0.0,0.0,0.0,-0.0,0.0
1.7267729468528614e-07,0.0,0.0,0.0,-0.0,0.0
1.7267729468528614e-07,2.2485582774045253e-23,-2.772309048992838e-08,3.700865246989435e-15,5.784790424456787e-09,1.0704374689332334e-23
1.7267729468528614e-07,4.362351502065619e-24,0.0,-1.9335847891354882e-15,-3.0223699098996804e-09,2.9219400040777225e-24
1.7267729468528614e-07,0.0,0.0,0.0,-0.0,0.0
1.7267729468528614e-07,-1.35244088528127e-22,0.0,-2.453542104796408e-15,-3.835111339611785e-09,4.704918688892822e-24
1.7267729468528614e-07,0.0,0.0,0.0,-0.0,0.0
1.7267729468528614e-07,1.4677154037279864e-23,-1.386154524496419e-08,1.973100146674322e-15,3.0841356135624665e-09,3.042611662318928e-24

1.7267729468528614e-07,0.0,0.0,0.0,-0.0,0.0
1.7267729468528614e-07,0.0,0.0,0.0,-0.0,0.0
1.7267729468528614e-07,4.362351502065619e-24,0.0,-1.9335847891354882e-15,-3.0223699098996804e-09,2.9219400040777225e-24
1.7267729468528614e-07,0.0,0.0,0.0,-0.0,0.0
1.726807918878137e-07,-7.95054409960083e-20,0.0,-1.6134574958633768e-13,-2.5219816279786755e-07,2.034547651802205e-20
1.7267729468528614e-07,2.2485582774045253e-23,-2.772309048992838e-08,3.700865246989435e-15,5.784790424456787e-09,1.0704374689332334e-23
1.7267729468528614e-07,0.0,0.0,0.0,-0.0,0.0
1.7267729468528614e-07,0.0,0.0,0.0,-0.0,0.0
1.7267729468528614e-07,2.6072338560049217e-23,6.930772622482095e-09,-1.367764027512537e-15,-2.1379402692645044e-09,1.4620399932491804e-24
1.7267729468528614e-07,0.0,0.0,0.0,-0.0,0.0

1.7267729468528614e-07,0.0,0.0,0.0,-0.0,0.0
1.7267729468528614e-07,0.0,0.0,0.0,-0.0,0.0
1.7267729468528614e-07,0.0,0.0,0.0,-0.0,0.0
1.7267729468528614e-07,0.0,0.0,0.0,-0.0,0.0
1.7267729468528614e-07,0.0,0.0,0.0,-0.0,0.0
1.7267729468528614e-07,0.0,0.0,0.0,-0.0,0.0
1.7267729468528614e-07,2.2485582774045253e-23,-2.772309048992838e-08,3.700865246989435e-15,5.784790424456787e-09,1.0704374689332334e-23
1.7267729468528614e-07,0.0,0.0,0.0,-0.0,0.0
1.7267729468528614e-07,0.0,0.0,0.0,-0.0,0.0
1.7267729468528614e-07,0.0,0.0,0.0,-0.0,0.0

1.7267729468528614e-07,0.0,0.0,0.0,-0.0,0.0
1.7267729468528614e-07,0.0,0.0,0.0,-0.0,0.0
1.7267729468528614e-07,0.0,0.0,0.0,-0.0,0.0
1.7267729468528614e-07,0.0,0.0,0.0,-0.0,0.0
1.7267729468528614e-07,0.0,0.0,0.0,-0.0,0.0
1.7267729468528614e-07,0.0,0.0,0.0,-0.0,0.0
1.7267729468528614e-07,-4.9891215209351345e-24,0.0,-1.9356072920552947e-15,-3.025531158939998e-09,2.928106332558609e-24
1.7267729468528614e-07,0.0,0.0,0.0,-0.0,0.0
1.7267729468528614e-07,0.0,0.0,0.0,-0.0,0.0
1.7267729468528614e-07,0.0,0.0,0.0,-0.0,0.0

1.7267729468528614e-07,0.0,0.0,0.0,-0.0,0.0
1.7267729468528614e-07,0.0,0.0,0.0,-0.0,0.0
1.7267729468528614e-07,0.0,0.0,0.0,-0.0,0.0
1.7267729468528614e-07,0.0,0.0,0.0,-0.0,0.0
1.7267729468528614e-07,0.0,0.0,0.0,-0.0,0.0
1.7267729468528614e-07,0.0,0.0,0.0,-0.0,0.0
1.7267729468528614e-07,0.0,0.0,0.0,-0.0,0.0
1.7267729468528614e-07,0.0,0.0,0.0,-0.0,0.0
1.7267729468528614e-07,0.0,0.0,0.0,-0.0,0.0
1.7267729468528614e-07,0.0,0.0,0.0,-0.0,0.0

1.7267729468528614e-07,0.0,0.0,0.0,-0.0,0.0
1.7267729468528614e-07,0.0,0.0,0.0,-0.0,0.0
1.7267729468528614e-07,0.0,0.0,0.0,-0.0,0.0
1.7267729468528614e-07,0.0,0.0,0.0,-0.0,0.0
1.7267729468528614e-07,0.0,0.0,0.0,-0.0,0.0
1.7267729468528614e-07,0.0,0.0,0.0,-0.0,0.0
1.7267729468528614e-07,0.0,0.0,0.0,-0.0,0.0
1.7267729468528614e-07,0.0,0.0,0.0,-0.0,0.0
1.7267729468528614e-07,0.0,0.0,0.0,-0.0,0.0
1.7267729468528614e-07,0.0,0.0,0.0,-0.0,0.0

1.7267729468528614e-07,0.0,0.0,0.0,-0.0,0.0
1.7267729468528614e-07,0.0,0.0,0.0,-0.0,0.0
1.7267729468528614e-07,0.0,0.0,0.0,-0.0,0.0
1.7267729468528614e-07,0.0,0.0,0.0,-0.0,0.0
1.7267729468528614e-07,0.0,0.0,0.0,-0.0,0.0
1.7267729468528614e-07,0.0,0.0,0.0,-0.0,0.0
1.7267729468528614e-07,0.0,0.0,0.0,-0.0,0.0
1.7267729468528614e-07,0.0,0.0,0.0,-0.0,0.0
1.7267729468528614e-07,0.0,0.0,0.0,-0.0,0.0
1.7267729468528614e-07,0.0,0.0,0.0,-0.0,0.0

