-250.89051723480225,-42.29138493537903,0.0,1.2021188735961914,0.21140043437480927,-0.5163975954055786
-128.94567251205444,-201.00328922271729,0.0,-2.283886432647705,0.16964176297187805,0.9639816880226135
3.370736911892891,0.05541121354326606,0.0,-0.007863546721637249,0.02792493812739849,0.07552953064441681
-39.361390471458435,-53.55082154273987,0.0,-1.1098955869674683,0.4414953291416168,0.6959895491600037
1.7045026645064354,0.4376766737550497,0.0,-0.0018447940237820148,0.007388964761048555,0.19674670696258545
27.260121703147888,-5.963543057441711,0.0,0.13808125257492065,-0.22239920496940613,-0.8758015632629395
-17.06048548221588,-1.7707938328385353,0.0,0.01189438346773386,0.0005389950820244849,0.1862877756357193
-74.64712858200073,-15.998522937297821,0.0,0.48746705055236816,2.8364503383636475,-0.8269653916358948
91.19986891746521,-4.743950814008713,0.0,-0.10708744823932648,-2.9076318740844727,0.24228473007678986
264.6376371383667,-464.478063583374,0.0,0.1347915530204773,-0.15907956659793854,2.1382689476013184

1.633400097489357,0.39844210259616375,0.0,0.004076712299138308,-7.716898107901216e-05,0.20157314836978912
3.370736911892891,0.05541121354326606,0.0,-0.007863546721637249,0.02792493812739849,0.07552953064441681
21.67881429195404,-191.490638256073,0.0,-0.3942301571369171,-0.040872327983379364,-1.310640573501587
1.096287090331316,0.46686665154993534,0.0,0.010400068946182728,0.0030251427087932825,0.05783020332455635
-0.0023764492652844638,0.0004147792424191721,0.0,-0.021973848342895508,0.001480687758885324,0.0009902105666697025
9.181687980890274,15.27455747127533,0.0,-0.004518435336649418,-0.0002838820219039917,0.6181497573852539
-81.37351274490356,-95.97833156585693,0.0,0.11064645648002625,-3.0775279998779297,1.1065677404403687
242.9612159729004,677.8624057769775,0.0,-1.2733060121536255,0.019518764689564705,-0.3231048882007599
309.523344039917,-514.8118019104004,0.0,-0.42620551586151123,-0.8822187781333923,1.4350013732910156
-8.785472065210342,-150.43771266937256,0.0,0.11969534307718277,-0.14082454144954681,-0.6548182964324951

3.370736911892891,0.05541121354326606,0.0,-0.007863546721637249,0.02792493812739849,0.07552953064441681
-0.0023764492652844638,0.0004147792424191721,0.0,-0.021973848342895508,0.001480687758885324,0.0009902105666697025
-98.19489121437073,8.25500637292862,0.0,-3.1203367710113525,-0.150026336312294,0.9802026152610779
-10.92832088470459,-0.009565931395627558,0.0,0.00623874319717288,-0.13572923839092255,0.4211026728153229
1.1963217083632571e-06,3.125993686126094e-07,0.0,1.2232911103637889e-05,-9.693419997347519e-06,-5.785718570905374e-08
-46.1052268743515,-46.32851779460907,0.0,-0.12397665530443192,0.18364395201206207,1.4980288743972778
27.345871925354004,-27.529901266098022,0.0,-0.30182620882987976,0.02343851327896118,1.4209092855453491
-0.0059889487602049485,-0.0010734254829003476,0.0,-0.02309418097138405,0.002062619663774967,0.0008344664820469916
95.6034243106842,-155.38599491119385,0.0,-0.10122571140527725,0.10763271898031235,1.481008768081665
-33.70734453201294,215.96860885620117,0.0,-2.5811784267425537,-0.532467782497406,-0.8960841298103333

-0.0059889487602049485,-0.0010734254829003476,0.0,-0.02309418097138405,0.002062619663774967,0.0008344664820469916
-0.0023764492652844638,0.0004147792424191721,0.0,-0.021973848342895508,0.001480687758885324,0.0009902105666697025
902.6022911071777,-460.90784072875977,0.0,-0.1612727791070938,0.10945037007331848,-0.5416775345802307
-3.527858480811119,-63.09468150138855,0.0,0.06298652291297913,-0.12185462564229965,-1.8937337398529053
-34.82825458049774,345.2711343765259,0.0,1.8330316543579102,0.4916374981403351,-0.7704276442527771
-36.001187562942505,-21.585410833358765,0.0,-0.33318251371383667,-0.017048684880137444,0.26009252667427063
1.773674540572756e-07,1.9792607223317882e-10,0.0,5.116577312946902e-07,5.4026717322130935e-08,-3.19299059414746e-10
1.67761093905483e-07,6.694059911417638e-11,0.0,2.812989521316922e-07,-1.0797418781294255e-07,-1.1826607748677276e-10
-0.004463598088477738,-0.001777684701664839,0.0,-0.023625295609235764,0.0023486793506890535,0.0017844844842329621
1.8378455424183926e-07,4.272575696018244e-09,0.0,-2.890530836907601e-08,7.73402408782431e-09,-1.971963925484488e-09

-0.0023764492652844638,0.0004147792424191721,0.0,-0.021973848342895508,0.001480687758885324,0.0009902105666697025
1.8378455424183926e-07,4.272575696018244e-09,0.0,-2.890530836907601e-08,7.73402408782431e-09,-1.971963925484488e-09
0.002245192627015058,4.716559942608001e-05,0.0,-0.01945626735687256,0.0002078739635180682,0.00022662756964564323
-0.0029022783564869314,0.00022722460926161148,0.0,-0.02233343943953514,0.001703594229184091,0.0011588704073801637
-616.1867141723633,478.40538024902344,0.0,-0.4329591989517212,-0.15293902158737183,1.434911847114563
0.1458561047911644,-0.004082631494384259,0.0,0.03243474289774895,0.007464675698429346,-0.012525205500423908
1.727410881002811e-07,2.7568016771305215e-11,0.0,1.6978849259885465e-07,-1.3956683808658e-08,5.475139655888861e-14
0.06475735572166741,-0.0707126222550869,0.0,0.01746874675154686,0.02132861502468586,0.012410670518875122
1.7659731454955363e-07,4.5727336847600775e-10,0.0,1.8453364702963881e-07,6.58806076359042e-09,-2.469771609447946e-10
0.0024943410608102567,0.0043124688090756536,0.0,-0.021103203296661377,0.0003875486145261675,-1.8875829482567497e-05

0.06475735572166741,-0.0707126222550869,0.0,0.01746874675154686,0.02132861502468586,0.012410670518875122
0.1458561047911644,-0.004082631494384259,0.0,0.03243474289774895,0.007464675698429346,-0.012525205500423908
-419.53163146972656,-246.35682106018066,0.0,0.5638973116874695,0.34735268354415894,-1.3160475492477417
-156.77791833877563,-82.66015648841858,0.0,-0.6271003484725952,2.639357566833496,0.06633875519037247
-0.019951738067902625,-0.004740259100799449,0.0,0.0102810924872756,-0.0007903320365585387,0.0011480427347123623
-0.0008516048183082603,0.0007806531357346103,0.0,-0.01716604270040989,-0.00031200036755762994,-0.0003268824948463589
1.637873059401329e-07,1.4628207534173043e-07,0.0,-4.2894293983408716e-07,1.2574699326250993e-07,-3.3718329461862595e-08
1.7355579196021154e-07,9.127055881907875e-10,0.0,7.793008016676595e-09,-2.3466908971592204e-10,-1.9521326222182722e-10
-49.73140060901642,37.8518283367157,0.0,0.019767971709370613,-0.00012192083522677422,-0.7716401815414429
-404.2593002319336,415.11096954345703,0.0,0.12242230027914047,2.6956045627593994,-1.8101624250411987

0.06475735572166741,-0.0707126222550869,0.0,0.01746874675154686,0.02132861502468586,0.012410670518875122
0.1458561047911644,-0.004082631494384259,0.0,0.03243474289774895,0.007464675698429346,-0.012525205500423908
1.823901918385218e-07,5.147138271155427e-09,0.0,4.180654400443018e-08,-1.024867568588661e-08,-1.7165908694494192e-09
-254.5177698135376,-295.1343536376953,0.0,0.08369523286819458,-0.25824227929115295,-1.8186653852462769
1.7253354300805768e-07,7.154961844356433e-11,0.0,3.2634912372486724e-07,1.540750638184818e-09,-7.043465116707281e-11
361.5527391433716,-867.9314613342285,0.0,-3.051064968109131,0.09516098350286484,-0.6383367776870728
1.868664100766182,0.6340458989143372,0.0,-0.07932285219430923,0.13805824518203735,-0.25336602330207825
173.50215911865234,409.35916900634766,0.0,0.29040446877479553,0.9107792973518372,1.6093271970748901
0.529667641967535,-0.07334304973483086,0.0,0.010897217318415642,-0.08018358051776886,0.04048311710357666
-0.005564350794884376,0.0008770897693466395,0.0,-0.015656836330890656,-0.001409809454344213,-5.751283606514335e-05

0.06475735572166741,-0.0707126222550869,0.0,0.01746874675154686,0.02132861502468586,0.012410670518875122
0.1458561047911644,-0.004082631494384259,0.0,0.03243474289774895,0.007464675698429346,-0.012525205500423908
-0.03146640083286911,-0.015655215247534215,0.0,0.005441543646156788,0.0040055797435343266,0.00357646681368351
-0.24084129836410284,-0.056439300533384085,0.0,0.001567641505971551,-0.0005112055223435163,0.008069811388850212
0.004243021248839796,-0.0062570630689151585,0.0,-0.02342132478952408,0.0027415133081376553,0.0027544554322957993
-0.002209467493230477,-0.0003064216798520647,0.0,-0.01824255660176277,0.0007235034718178213,1.2461009646358434e-05
1.7797584517253995e-07,1.723723247470943e-09,0.0,5.089289629722771e-07,1.249128578351133e-10,-4.88451112889976e-10
-0.005312637586030178,-0.0009515497367829084,0.0,-0.022068018093705177,0.0015246537514030933,5.9898342442465946e-05
-0.004406548396218568,-0.004878472464042716,0.0,0.010260715149343014,-0.0005278046592138708,0.0010822328040376306
-0.004406548396218568,-0.004878472464042716,0.0,0.010260715149343014,-0.0005278046592138708,0.0010822328040376306

0.06475735572166741,-0.0707126222550869,0.0,0.01746874675154686,0.02132861502468586,0.012410670518875122
0.1458561047911644,-0.004082631494384259,0.0,0.03243474289774895,0.007464675698429346,-0.012525205500423908
2899.1378784179688,3926.1856079101562,0.0,-0.31574559211730957,0.14988268911838531,-0.2653229236602783
-0.0219930152525194,-0.015403206634800881,0.0,-0.02306729555130005,0.002939568366855383,0.005310021340847015
-0.027677754405885935,-0.040409830398857594,0.0,0.03831323981285095,0.016423938795924187,0.001034236280247569
1.727401777174009e-07,7.990305736938624e-12,0.0,2.210054645956916e-07,-1.0657152493820377e-08,-1.941738219865541e-12
-0.024781213141977787,0.008271820843219757,0.0,0.018813086673617363,-0.011788426898419857,0.0012895821128040552
-0.007369304512394592,-0.028264554566703737,0.0,-0.0010473949369043112,0.017384961247444153,0.0029236271511763334
0.6862549111247063,-0.31475580763071775,0.0,0.1958225667476654,-0.2149004340171814,-0.10957277566194534
2.065222881597606e-07,1.5551061549601286e-07,0.0,2.4789136432445957e-07,-6.915906425319918e-08,-4.009940113292032e-08

0.06475735572166741,-0.0707126222550869,0.0,0.01746874675154686,0.02132861502468586,0.012410670518875122
0.1458561047911644,-0.004082631494384259,0.0,0.03243474289774895,0.007464675698429346,-0.012525205500423908
629.0247917175293,-951.4904022216797,0.0,-0.6886649131774902,-1.6596646308898926,-1.6056758165359497
-0.23359348997473717,-0.026833053561858833,0.0,0.00655551441013813,0.0010774789843708277,0.007046698126941919
1.727650911220735e-07,1.5536019465269696e-11,0.0,2.210054645956916e-07,-1.0657152493820377e-08,-2.5937208110449195e-12
1.5790224683343013e-07,5.6257404290604995e-08,0.0,-7.069859009334323e-08,1.8385781785923427e-08,-1.4478894527769626e-08
1.3828866940457374e-07,9.542563406128579e-08,0.0,1.95452770412885e-07,-5.492448806876382e-08,-2.1779367642693614e-08
1.4656481583941172e-07,3.2903824109808966e-08,0.0,-6.753666639269795e-07,1.8942557744594524e-07,-7.79494779834522e-09
-0.1287636812776327,-0.27633877471089363,0.0,0.020392607897520065,-0.005913411732763052,-0.0020006231497973204
-8.583380281925201,-18.457458913326263,0.0,0.10271255671977997,-0.31363269686698914,-2.4808943271636963

0.06475735572166741,-0.0707126222550869,0.0,0.01746874675154686,0.02132861502468586,0.012410670518875122
0.1458561047911644,-0.004082631494384259,0.0,0.03243474289774895,0.007464675698429346,-0.012525205500423908
-1.2007543817162514,22.550423443317413,0.0,1.2016932964324951,-3.1247262954711914,0.028329813852906227
1.473093202974951e-07,8.019705455275528e-08,0.0,-5.73579427509685e-07,1.7216267167441401e-07,-1.8672221102633557e-08
1.3478201887906494e-07,6.404681646143828e-09,0.0,-2.5124512603724725e-07,6.992632251012765e-08,-2.2549078160238878e-09
-0.012368704483378679,-0.003854906390188262,0.0,-0.04180976003408432,0.0009226927650161088,-7.984859985299408e-05
-45.5051064491272,-24.806123971939087,0.0,0.15059621632099152,-0.19705425202846527,0.5300086140632629
-0.02812280727084726,0.08571897051297128,0.0,0.010394980199635029,0.002571209566667676,-0.008434315212070942
-0.034240103559568524,-0.2397990319877863,0.0,0.019076522439718246,-0.015363949351012707,-0.054077837616205215
-7.102492451667786,-15.106824040412903,0.0,-0.2914856970310211,0.30008530616760254,-0.8545001149177551

0.06475735572166741,-0.0707126222550869,0.0,0.01746874675154686,0.02132861502468586,0.012410670518875122
0.1458561047911644,-0.004082631494384259,0.0,0.03243474289774895,0.007464675698429346,-0.012525205500423908
1.8300331250387103e-07,5.573417422022331e-09,0.0,3.862691855260891e-08,-1.079341505061393e-08,-1.726109366551043e-09
-62.45110630989075,-22.066238522529602,0.0,-0.00029073163750581443,3.101670265197754,1.4537311792373657
2.6559989899396896,-18.089957535266876,0.0,-0.2836158275604248,0.09087621420621872,2.902190923690796
1.724233200661729e-07,2.1251863116522607e-09,0.0,8.687211838775966e-09,-3.1788402465871e-10,-4.697746636139755e-10
7.856956124305725,-2.10342425853014,0.0,0.5633512735366821,-0.07935439050197601,0.06687092036008835
2202.5569915771484,1860.0299835205078,0.0,3.0981225967407227,-0.09333992004394531,-0.6726906299591064
-0.02292317512910813,0.0866230926476419,0.0,0.015362238511443138,0.0001537113421363756,-0.003311320673674345
-0.005411034362623468,-0.0007450882094417466,0.0,-0.022538816556334496,0.001761873485520482,0.0006557380547747016

0.06475735572166741,-0.0707126222550869,0.0,0.01746874675154686,0.02132861502468586,0.012410670518875122
0.1458561047911644,-0.004082631494384259,0.0,0.03243474289774895,0.007464675698429346,-0.012525205500423908
1.7492550741238233e-07,4.266937844721319e-09,0.0,1.9474677515063377e-07,-5.440181993776605e-08,-1.2404425264733732e-09
583.1498622894287,786.2528324127197,0.0,0.3200298547744751,-2.9398488998413086,-1.237369179725647
23.999369144439697,-491.9806480407715,0.0,0.10955236852169037,-3.0380699634552,0.5715005397796631
0.0001563402065585251,0.0003059720029341406,0.0,0.009191184304654598,-5.366478490032023e-06,-1.833063106460031e-05
1.1564386115381353e-07,-3.1783593118506204e-09,0.0,-6.581103662028909e-08,1.8514482391651654e-08,7.299371107549746e-10
1.0105437597829336e-07,5.60866700305418e-09,0.0,-4.89871965214661e-08,1.5649344931034648e-08,-1.2578198482771086e-09
-1.846532704519177e-07,-7.479600966364686e-09,0.0,1.1537451428011991e-05,-3.671363629109692e-06,8.709339027745955e-09
5.312612572083708e-07,2.0813997192448142e-07,0.0,-1.36518025328769e-07,2.9372840160135638e-08,-3.481806842842161e-08

0.06475735572166741,-0.0707126222550869,0.0,0.01746874675154686,0.02132861502468586,0.012410670518875122
0.1458561047911644,-0.004082631494384259,0.0,0.03243474289774895,0.007464675698429346,-0.012525205500423908
-0.0014735173863300588,0.006037946150172502,0.0,-0.016646837815642357,-0.0006856204126961529,-0.00075338821625337
-4.323912784457207,2.1166829392313957,0.0,0.41651487350463867,0.10519209504127502,-0.9394958019256592
44.573259353637695,10.231876373291016,0.0,-0.1197408065199852,-0.06373006105422974,1.936901569366455
1.7267892671313234e-07,4.689224879163463e-12,0.0,1.1411918166004398e-07,-2.8042389743632157e-08,1.0183505785594377e-13
0.007577310316264629,0.005910162144573405,0.0,0.02823605388402939,-0.008534933440387249,-0.0018213330768048763
-0.1035092631354928,-0.10453922441229224,0.0,0.21752141416072845,-0.18354915082454681,-0.23062041401863098
44.999682903289795,-70.38593888282776,0.0,-0.10039997100830078,0.13936695456504822,-1.0938031673431396
-385.3688716888428,278.88832092285156,0.0,-3.0716373920440674,-0.05796690285205841,0.6683460474014282

0.06475735572166741,-0.0707126222550869,0.0,0.01746874675154686,0.02132861502468586,0.012410670518875122
0.1458561047911644,-0.004082631494384259,0.0,0.03243474289774895,0.007464675698429346,-0.012525205500423908
5004.117584228516,-3872.9888916015625,0.0,-0.19629058241844177,0.46118947863578796,-0.854466438293457
-0.09779282845556736,-0.07705366588197649,0.0,0.05885462462902069,0.005412792321294546,0.004360901191830635
-108.24995040893555,268.1108236312866,0.0,0.051749203354120255,3.012525796890259,0.35138705372810364
1.9187940125675595e-07,-3.660483027800865e-08,0.0,-4.3403068161751435e-07,1.1226229901240004e-07,5.900604893582795e-09
4309.1888427734375,-1696.0870742797852,0.0,0.07031001895666122,-0.3698835074901581,2.610604763031006
129.50619459152222,-101.10244750976562,0.0,-0.32626092433929443,0.36313459277153015,2.8402457237243652
0.06475735572166741,-0.0707126222550869,0.0,0.01746874675154686,0.02132861502468586,0.012410670518875122
-0.315517233684659,-0.2572206547483802,0.0,0.0013853596756234765,0.12486785650253296,0.07209419459104538

0.06475735572166741,-0.0707126222550869,0.0,0.01746874675154686,0.02132861502468586,0.012410670518875122
0.1458561047911644,-0.004082631494384259,0.0,0.03243474289774895,0.007464675698429346,-0.012525205500423908
100.96726417541504,185.25292873382568,0.0,0.34476086497306824,0.29528793692588806,1.5838212966918945
-56.349050998687744,-149.234938621521,0.0,-0.10388849675655365,-0.030526062473654747,-2.9284846782684326
-0.05693920538760722,0.021092114911880344,0.0,0.01036925334483385,-0.0036747553385794163,0.004671602044254541
-0.010080730862682685,-0.015685979451518506,0.0,-0.08914360404014587,0.006958820391446352,-0.0012317249784246087
1.7267729468528614e-07,-2.975960410006352e-21,0.0,2.8956449682482344e-07,-5.5799964055283126e-15,-1.390024108916728e-21
1.7230342708174362e-07,-3.718383601025721e-07,0.0,2.879759009033478e-08,9.994775840294068e-11,-5.905947182327509e-05
1.7290050502438703e-07,2.1850219116686942e-11,0.0,2.9132840495549317e-07,4.625985816630873e-09,-1.7669378330267826e-13
1.8160035697434296e-07,3.210481186455283e-09,0.0,4.7137515934991825e-07,-1.3221667094498457e-09,-1.2654887138197068e-09

0.06475735572166741,-0.0707126222550869,0.0,0.01746874675154686,0.02132861502468586,0.012410670518875122
0.1458561047911644,-0.004082631494384259,0.0,0.03243474289774895,0.007464675698429346,-0.012525205500423908
-2278.858757019043,-955.2014350891113,0.0,0.3964953124523163,-0.09530232846736908,-1.6292001008987427
-0.18111479002982378,-0.11547604808583856,0.0,0.0995723158121109,-0.03447800502181053,-0.004823750350624323
1.7267972607371007e-07,-7.911556236799445e-13,0.0,2.427790661840845e-07,-7.93267052046076e-09,-2.2925753092803425e-13
0.02374915493419394,0.22559904027730227,0.0,-0.00035522811231203377,0.08988138288259506,-0.050297100096940994
20.23979127407074,-0.7905780337750912,0.0,0.00043281790567561984,0.012501486577093601,-0.07417617738246918
-5378.643417358398,-1723.081398010254,0.0,-0.11477085202932358,3.0447466373443604,-0.9602523446083069
1.7267729468528614e-07,-3.980606642785882e-21,0.0,2.610075000575307e-07,-7.756318417443561e-17,-7.452940738007003e-23
1.7267729468528614e-07,-7.036519367713832e-21,0.0,2.881128011722467e-07,1.0355655406541625e-15,-2.755686173596314e-21

0.1458561047911644,-0.004082631494384259,0.0,0.03243474289774895,0.007464675698429346,-0.012525205500423908
20.986731350421906,-0.8233032189309597,0.0,-0.005248706322163343,0.0025698491372168064,-0.07891514897346497
17.549240589141846,-227.05366611480713,0.0,0.2738219201564789,2.366734504699707,0.7944405674934387
1.7267750562766082e-07,1.408388871157332e-12,0.0,9.962901259541468e-08,-2.7430743898548826e-08,5.822097903611378e-14
0.4665736109018326,0.1383906346745789,0.0,0.0009330417378805578,0.010655549354851246,-0.14231565594673157
-0.0004387473836686695,0.1195558812469244,0.0,0.0020779427140951157,-0.006837862078100443,0.0012750419555231929
0.025577371707186103,-0.008011246973183006,0.0,-0.0002936090750154108,0.01750236190855503,0.004106773529201746
-0.8487383835017681,-6.924746185541153,0.0,-0.027918823063373566,0.005630728788673878,-0.8247484564781189
0.002327491711184848,-0.0020312794731580652,0.0,-0.02612834982573986,0.00528250727802515,5.1352875743759796e-05
-721.4881420135498,917.292308807373,0.0,0.033999547362327576,0.11952035129070282,1.8236202001571655

0.1458561047911644,-0.004082631494384259,0.0,0.03243474289774895,0.007464675698429346,-0.012525205500423908
20.4434797167778,-0.7995903491973877,0.0,-0.0016265304293483496,0.011125689372420311,-0.07556218653917313
4.6418139731940755e-05,-0.0005329779469320783,0.0,-0.01969972439110279,0.0003352013591211289,0.00012684747343882918
66.12681150436401,5.453451722860336,0.0,-0.002516604494303465,0.0010271273786202073,0.19666823744773865
4.009387642145157,-0.24746444541960955,0.0,0.00316400034353137,0.006878427695482969,0.037668678909540176
37.268880009651184,28.269022703170776,0.0,-0.23923952877521515,0.016316892579197884,-0.45423370599746704
-0.03757596423383802,-0.10969402501359582,0.0,-0.19606679677963257,0.013147911056876183,-0.012136785313487053
-0.5217913072556257,-69.56844925880432,0.0,0.1518901288509369,-2.6522204279899597e-05,0.278814435005188
161.428964138031,15.449896454811096,0.0,-0.002451240550726652,0.0006500383606180549,0.20624695718288422
1.9639554427186567e-07,1.5574667111550866e-07,0.0,-1.2739444343878858e-07,3.12376720046359e-08,-4.1565645148011754e-08

0.1458561047911644,-0.004082631494384259,0.0,0.03243474289774895,0.007464675698429346,-0.012525205500423908
21.066588163375854,-0.8266578428447247,0.0,-0.004654802847653627,0.0009057421702891588,-0.07930437475442886
-0.8487383835017681,-6.924746185541153,0.0,-0.027918823063373566,0.005630728788673878,-0.8247484564781189
-8399.73373413086,8674.081420898438,0.0,0.11645417660474777,-0.08959431201219559,-2.111762046813965
1.5790224683343013e-07,5.6257404290604995e-08,0.0,-7.069859009334323e-08,1.8385781785923427e-08,-1.4478894527769626e-08
1.730732335225582e-07,3.6060969748480387e-10,0.0,2.788399342534831e-07,-1.0835418118304574e-09,-1.5750982462758856e-10
-264.12246227264404,112.67389059066772,0.0,0.2862668037414551,0.20763878524303436,0.1584232896566391
1.7287734577209335e-07,3.746274395300536e-11,0.0,2.910993259774841e-07,1.750889433438374e-10,-1.8809111982775323e-13
-23.068924248218536,-42.79372990131378,0.0,-0.06504567712545395,-0.14947324991226196,2.6798813343048096
-21.362364292144775,-55.42870759963989,0.0,-0.4714794158935547,-2.5174546241760254,-0.8084757924079895

0.1458561047911644,-0.004082631494384259,0.0,0.03243474289774895,0.007464675698429346,-0.012525205500423908
18.885725736618042,-0.7399539928883314,0.0,0.0069731720723211765,-0.003808555193245411,-0.06807384639978409
7.754407078027725,-0.6458678748458624,0.0,0.00023944811255205423,-0.008891881443560123,0.059746820479631424
21.6586634516716,-0.7048021070659161,0.0,-0.010629279538989067,0.0030763696413487196,-0.0996948778629303
0.05966460448689759,-0.03686947748064995,0.0,0.037988197058439255,-0.037962835282087326,0.0327063724398613
6452.265167236328,-22074.671936035156,0.0,-2.9614953994750977,0.6689934730529785,-1.0176793336868286
-0.5769642069935799,-0.28498233295977116,0.0,0.009268551133573055,0.0029866478871554136,0.2113693207502365
-0.006864078750368208,-0.006432302325265482,0.0,-0.05300184711813927,0.0009843148291110992,-6.03721673542168e-05
-0.00020947134089510655,0.00022390493086277274,0.0,-0.002637054305523634,0.0010925792157649994,0.0006259664078243077
-9.621202945709229,20.413458347320557,0.0,-0.02885546162724495,0.08296966552734375,-0.4121284484863281

20.906861126422882,-0.8199485950171947,0.0,-0.005842616781592369,0.004223992582410574,-0.07852691411972046
22.048009932041168,-0.7280734367668629,0.0,0.0006625066162087023,0.00023493006301578134,-0.10055792331695557
2.0423583686351776,0.30865801963955164,0.0,0.0007429962861351669,-0.01133520808070898,0.022548260167241096
1.7267729468528614e-07,5.513032691138839e-21,0.0,2.821299744937278e-07,-1.8044156528109964e-15,-3.0109186484925892e-21
-12.90886253118515,-11.924928426742554,0.0,0.0950733944773674,-0.14226298034191132,-2.4573287963867188
229.03552055358887,-25.177133083343506,0.0,-0.00855761393904686,0.006564598064869642,0.003721634391695261
2.858784875492404e-08,1.4604839559950733e-07,0.0,-8.350110147148371e-05,6.395296804839745e-05,2.4067118076231964e-08
3.3956367522478104,-0.4096664488315582,0.0,-0.005482222884893417,-0.008758114650845528,-0.12456922233104706
550.1909255981445,187.3178005218506,0.0,-1.046374797821045,-0.07961634546518326,1.3256661891937256
-0.006295810453593731,-0.009178169420920312,0.0,0.01366579532623291,-0.0017627887427806854,0.0020861041266471148

20.986731350421906,-0.8233032189309597,0.0,-0.005248706322163343,0.0025698491372168064,-0.07891514897346497
22.17089980840683,-0.7354191970080137,0.0,0.004224834963679314,-0.0006595108425244689,-0.10083794593811035
9.875337779521942,-1.186588779091835,0.0,-0.0005128007614985108,-0.008168026804924011,-0.11427183449268341
-0.0015001510291767772,-0.8835856802761555,0.0,-0.004028660245239735,0.0058830054476857185,-0.09604640305042267
42.94067025184631,7.928947359323502,0.0,0.008617579936981201,-0.005829427391290665,0.37340879440307617
1.7267729468528614e-07,4.8129943381098334e-17,0.0,2.8212994607201836e-07,-6.53784142166762e-14,-7.405601613218835e-18
1.727255338757061e-07,2.0761051298251454e-10,0.0,2.820752911247837e-07,-8.073202696634585e-12,5.146615894417207e-14
1.3600804843008518,-0.03569097607396543,0.0,-0.004312576726078987,0.0006468694773502648,-0.05781857669353485
17.424575984477997,-1.8133699893951416,0.0,0.0027450649067759514,-0.0026237217243760824,0.060157325118780136
0.6344185210764408,0.32281235326081514,0.0,-0.026020366698503494,0.007267352659255266,-0.08180490881204605

20.342040061950684,-0.7949893362820148,0.0,0.0005431909812614322,0.012182665057480335,-0.07478981465101242
20.18917053937912,-0.6161884404718876,0.0,-0.003092866623774171,-0.0013998004142194986,-0.09735701233148575
-26.479434967041016,216.98095798492432,0.0,1.0466831922531128,0.2915811538696289,2.7365968227386475
-0.00042557171582302544,0.0012294584848859813,0.0,-0.00010336302511859685,0.0017801587237045169,-9.496568054601084e-06
1.7198819035613155e-07,1.8401028478720605e-07,0.0,-1.4355495068230084e-06,1.1584825113097885e-11,3.8900228815919036e-08
1.74296332922097e-07,2.405306639627347e-10,0.0,2.1168159491935512e-07,-1.0642902559254708e-08,-2.928695046894303e-12
343.22590827941895,1027.0163536071777,0.0,1.0941612720489502,0.4251149594783783,1.3502901792526245
16.62091165781021,-0.5964283365756273,0.0,-0.0005928453174419701,-0.007466966286301613,-0.021694211289286613
7.955925696023769e-06,-1.2345887512310583e-05,0.0,-0.00019972134032286704,-0.0003813728108070791,8.781526412349194e-05
-0.0008290877303807065,0.00022413460101233795,0.0,-0.0026042803656309843,0.0010808325605466962,0.0006060259183868766

20.941370725631714,-0.6620848551392555,0.0,0.002493966603651643,-0.002487116726115346,-0.09823038429021835
20.13639807701111,-0.7865174673497677,0.0,-0.003216923214495182,0.011688794009387493,-0.07379941642284393
1.1439698077708726e-07,-1.1291626487996975e-09,0.0,-9.665928502045062e-08,6.254150264339842e-08,1.7383432193707193e-10
11.095622181892395,-0.5423189606517553,0.0,-0.008612735196948051,0.0026194641832262278,-0.1978134661912918
-0.3324708668515086,-1.1846805922687054,0.0,0.10771264880895615,-0.06873393058776855,0.1881551891565323
0.8322756737470627,-46.016645431518555,0.0,-0.10640604048967361,-0.11471540480852127,2.398104190826416
-6.9505290412053e-06,0.01653462677495554,0.0,-0.001379554159939289,-0.009280468337237835,-0.0002571881632320583
52.33004093170166,-0.4202906973659992,0.0,-0.6895398497581482,0.30182719230651855,0.02721938118338585
-1.540728504778599e-05,-3.5114024399263144e-05,0.0,-0.0011070469627156854,0.0004590296884998679,-4.538141183729749e-06
1.72780623142188e-07,1.8552332250749287e-11,0.0,2.1158643903618213e-07,-1.0688582463558305e-08,-1.6320678261540905e-13

20.342040061950684,-0.7949893362820148,0.0,0.0005431909812614322,0.012182665057480335,-0.07478981465101242
21.781642735004425,-0.71215252391994,0.0,-0.007061587180942297,0.0021775902714580297,-0.09996358305215836
212.55812644958496,-239.68000411987305,0.0,-0.05534322187304497,-0.1956755816936493,2.775996446609497
-6.9505290412053e-06,0.01653462677495554,0.0,-0.001379554159939289,-0.009280468337237835,-0.0002571881632320583
1.1369524210991244e-07,-1.3419110440893167e-09,0.0,-1.024951785666417e-07,6.227683257975514e-08,1.6619275400309164e-10
20.069843530654907,1.2585906311869621,0.0,-0.0024866682942956686,0.0006700492231175303,0.19083459675312042
9.409640844282308e-08,-8.935529399733966e-09,0.0,-9.568093446432613e-07,-2.4752594640631287e-07,2.4828545885924314e-09
-153.6091923713684,-286.07563972473145,0.0,3.1364428997039795,-0.08460742980241776,1.2317159175872803
0.8115257136523724,0.012078290455974638,0.0,-0.001969848293811083,0.004995729774236679,-0.014337032102048397
1.385806966573,-0.02718498872127384,0.0,-0.006127080414444208,-0.0061010392382740974,-0.02276749350130558

19.011130928993225,-0.744564039632678,0.0,0.0009579919278621674,-0.003258753102272749,-0.06866876780986786
21.55616730451584,-0.6986753083765507,0.0,-0.013496491126716137,0.0037942458875477314,-0.09947359561920166
-4.752933233976364,0.6013186182826757,0.0,-0.0562918558716774,-0.0019253636710345745,-0.12683670222759247
34.598758816719055,-0.2070784568786621,0.0,0.0005739827174693346,-0.01390282902866602,0.050272341817617416
33.86203050613403,-0.9203384630382061,0.0,4.07710722356569e-05,0.011488819494843483,-0.07931262254714966
8.280401676893234,-1.2434967793524265,0.0,0.004646667744964361,-0.017283683642745018,0.12565866112709045
-0.014258851297199726,0.03368487814441323,0.0,0.001566425315104425,-0.006071068812161684,-0.001131658093072474
-3580.164337158203,-2191.2498474121094,0.0,-0.8816050887107849,0.013879954814910889,1.452297568321228
-3.1825448942868206e-07,-4.5632151390861964e-07,0.0,-1.6056291940458323e-07,2.3652905412063774e-08,-1.327470471323977e-07
1.7267681728938555e-07,-1.4137008230719061e-08,0.0,1.1037510461164857e-08,-5.180384333308696e-12,-3.3773215335486384e-08

20.012301206588745,-0.7816446013748646,0.0,-0.007599233649671078,0.010692709125578403,-0.07334373146295547
21.002882719039917,-0.6657449528574944,0.0,0.0008499020477756858,-0.0018433312652632594,-0.09835068881511688
-0.0813500490039587,-0.030430452898144722,0.0,0.014732475392520428,0.003123949747532606,-0.0004862991045229137
22.90318012237549,3.3639460802078247,0.0,-0.0023543699644505978,0.0007417327724397182,0.34593141078948975
0.14076828956604004,-0.1245093415491283,0.0,-0.0027617085725069046,0.0013302202569320798,0.04183192178606987
1.7305384902854826e-07,3.252851276096952e-11,0.0,2.4464225134579465e-07,-3.629860856335654e-09,-2.025255505834489e-13
31.525996327400208,2.4317193776369095,0.0,-0.0014161423314362764,-0.0010052997386083007,0.16948765516281128
1.7387874473584475e-07,1.9677072471413481e-10,0.0,2.8256872042220493e-07,3.5164754441652235e-10,-6.083502300004151e-13
68.54416131973267,983.905029296875,0.0,1.2222479581832886,0.187501922249794,-2.3061633110046387
18.784013390541077,-2.6636961847543716,0.0,0.003460291540250182,0.0016308504855260253,-0.2538987100124359

19.76296454668045,-0.7722158450633287,0.0,-0.012218205258250237,0.007369583938270807,-0.07228527218103409
21.330806612968445,-0.6852591410279274,0.0,-0.007910518907010555,0.001583321951329708,-0.09900698065757751
0.25002683978527784,-0.13858998427167535,0.0,-0.12312464416027069,0.04688496142625809,0.025590214878320694
62.37083077430725,18.803732097148895,0.0,-0.0024627891834825277,0.0013196357758715749,0.5290920734405518
1.7267729468528614e-07,9.268104632210757e-21,0.0,3.0281765361905855e-07,-2.6334132357391793e-14,-4.3398412116158196e-20
-0.08393845637328923,0.01563973055453971,0.0,-0.02493789792060852,0.0037602384109050035,0.006639136932790279
-0.005580602373811416,-0.09623646619729698,0.0,0.005172776523977518,0.005041932687163353,-0.011148587800562382
8.796533942222595,-1.297783013433218,0.0,0.004935585893690586,-0.003565053455531597,0.033880699425935745
-0.6269212346524,-0.10232583153992891,0.0,0.05537198856472969,-0.08209724724292755,0.034029215574264526
1.725992238021945e-07,-8.994684996821434e-08,0.0,-1.0171821713811369e-06,1.5394595320739057e-11,2.904806883918809e-08

18.990232050418854,-0.7437956985086203,0.0,0.001959792338311672,-0.003348252270370722,-0.06856948137283325
21.515192091464996,-0.6962313782423735,0.0,-0.01283468957990408,0.0035064725670963526,-0.099387027323246
5.258145474584808e-07,2.1679669170993066e-07,0.0,-6.916692996128404e-07,-6.177295563958296e-09,-2.3940339488603968e-08
29.444894194602966,1.7463339492678642,0.0,0.006286788731813431,-0.0033767397981137037,0.12025018781423569
87.92341947555542,2.6960140094161034,0.0,-0.007712717168033123,-0.009933567605912685,0.056096725165843964
1.7269875529635215e-07,1.849386976893186e-07,0.0,-1.083876895791036e-06,3.912183077492415e-11,3.9044852684355646e-08
0.011432230530772358,0.008535056986147538,0.0,0.0001295997790293768,-0.002354305237531662,0.0006400198326446116
0.19776371773332357,-1.25593151897192,0.0,-0.1286359578371048,-0.024225544184446335,-0.011665322817862034
8.502106368541718,0.01796073338482529,0.0,-0.007374858949333429,0.005932766944169998,0.19906754791736603
8.218335456611214e-08,3.571357445886214e-09,0.0,-9.100831732666848e-08,-5.923838557464478e-07,-2.421184433498702e-11

20.886893570423126,-0.8191099390387535,0.0,-0.005991041660308838,0.004635949619114399,-0.07843000441789627
20.85922211408615,-0.6572357378900051,0.0,0.004057527519762516,-0.003134268568828702,-0.09808474034070969
-94.80723142623901,34.09572243690491,0.0,-1.4121284484863281,-0.5999372601509094,0.03822929784655571
-1508.9802742004395,-880.2886962890625,0.0,-0.9807869791984558,0.2831742465496063,-0.7255480289459229
1.7339744085020925e-07,-1.8364997023123664e-08,0.0,3.881728218857461e-07,1.2267288747314087e-11,-5.180830157769378e-06
13.386894762516022,-0.3497124183923006,0.0,-0.002635728335008025,0.012883283197879791,0.07191839069128036
8.520842343568802,-0.7809833157807589,0.0,-0.0007875337614677846,0.0006631005089730024,-0.015466401353478432
1.7179094813357665e-07,6.784917072621965e-08,0.0,-9.833618150878465e-07,3.53266166319699e-11,3.899428691056528e-08
0.39511737413704395,-1.056000217795372,0.0,-0.002311085583642125,0.00108057982288301,0.2326408177614212
-198.91884326934814,107.11286067962646,0.0,-0.09042078256607056,-3.0530455112457275,0.2777140438556671

21.884100139141083,-0.7182768080383539,0.0,-0.004089862573891878,0.0014296587323769927,-0.10019039362668991
20.095032453536987,-0.7848932407796383,0.0,-0.004677359480410814,0.011359288357198238,-0.07364794611930847
1.9127661362290382,0.23849494755268097,0.0,0.009629293344914913,-0.0001734246761770919,0.12074147164821625
14.321278035640717,6.789592653512955,0.0,0.006848309189081192,-0.0005216083955019712,-0.7783259749412537
32.38472938537598,2.5235548615455627,0.0,0.0031042874325066805,-0.004078723955899477,0.17406682670116425
-154.0313959121704,108.43206644058228,0.0,-2.9151434898376465,0.09633193165063858,-0.591584324836731
31.00658655166626,0.4100670572370291,0.0,-8.649642404634506e-05,-0.006974995136260986,0.04873804375529289
-56.02315664291382,0.09419030393473804,0.0,0.45263171195983887,3.0939104557037354,-0.4791225790977478
3401.1322021484375,376.6658306121826,0.0,3.0128486156463623,-0.002584683708846569,-0.9803697466850281
12.18501403927803,0.4279129672795534,0.0,-0.006347256246954203,-0.007530333939939737,0.08810069411993027

19.533351063728333,-0.7637680508196354,0.0,-0.01202593743801117,0.0028948625549674034,-0.071175716817379
20.611022412776947,-0.6411255802959204,0.0,-0.0073104905895888805,0.00028202435350976884,-0.09812475740909576
710.2502346038818,197.81562089920044,0.0,-2.7735376358032227,0.26342475414276123,-1.298304796218872
0.8873580954968929,-0.04370231181383133,0.0,0.004954161122441292,0.002246149117127061,0.0023253674153238535
31.794491410255432,2.4604331701993942,0.0,-1.9325998437125236e-06,-0.001964727882295847,0.17092232406139374
-284.2843294143677,360.57982444763184,0.0,0.006185944192111492,0.020477332174777985,0.7385990023612976
-78.86412143707275,385.0200414657593,0.0,0.1132175400853157,-0.10724300891160965,-1.0044277906417847
-19.163914024829865,30.311518907546997,0.0,3.1171822547912598,-0.42914336919784546,0.6424973607063293
1.7252184125737813e-07,-1.6388951827595033e-10,0.0,8.868487952895521e-07,7.212003794165867e-08,-9.397611811998163e-13
20.652388036251068,-0.6438219919800758,0.0,-0.005376655608415604,-0.0003004529280588031,-0.09811387211084366

20.87985724210739,-0.6584248039871454,0.0,0.004144754260778427,-0.0031334212981164455,-0.09811072051525116
20.652388036251068,-0.6438219919800758,0.0,-0.005376655608415604,-0.0003004529280588031,-0.09811387211084366
0.13083823723718524,0.2530579222366214,0.0,0.0017688784282654524,0.015849119052290916,0.01479683443903923
32.491958141326904,2.535025030374527,0.0,0.0036683124490082264,-0.004463562276214361,0.17463690042495728
1.7270538332780916e-07,8.396344600494765e-11,0.0,-9.182470535051834e-07,7.1045508885647646e-12,1.5584246781941147e-08
-1.8939259049943757e-07,6.129888805751771e-11,0.0,-1.7444408513256349e-06,-0.0005169914802536368,4.837076295061138e-10
-3.942512720823288,-14.014855027198792,0.0,-0.19205358624458313,-0.15594719350337982,0.7628574371337891
31.39171004295349,2.417358197271824,0.0,-0.002123785438016057,-0.0005259373574517667,0.1687692105770111
-258.5200786590576,-483.6294174194336,0.0,2.4362704753875732,0.838839054107666,-0.46202120184898376
-0.5982006900012493,-0.37028128281235695,0.0,-0.008851964958012104,-0.0011524956207722425,-0.013283682987093925

20.85922211408615,-0.6572357378900051,0.0,0.004057527519762516,-0.003134268568828702,-0.09808474034070969
20.96187472343445,-0.6633048877120018,0.0,0.0019457052694633603,-0.002272410085424781,-0.09827038645744324
0.889089610427618,-0.04351539828348905,0.0,0.0026720501482486725,0.0015527727082371712,0.0023299565073102713
-0.06581924972124398,-0.1953456550836563,0.0,0.00017967504390981048,-0.007035570684820414,0.003065684577450156
1.7248852346440913e-07,-3.674354928390883e-11,0.0,3.898844624927733e-06,-3.7293861510079296e-07,7.298440324321476e-11
1.3896719330830365e-07,-8.134250911728813e-09,0.0,4.419067408889532e-06,7.509514676762308e-10,-2.6507550501264632e-05
173.26867580413818,32.270196080207825,0.0,-0.09587611258029938,-0.032494984567165375,1.8836944103240967
12.525635957717896,0.4200853407382965,0.0,-0.0026542595587670803,0.0009621299104765058,0.17853355407714844
-4.1376848614049777e-07,-2.016567815510406e-09,0.0,1.3999390375829535e-06,-0.0017254137201234698,-1.2368215784874792e-08
-34.9289745092392,-20.484939217567444,0.0,-0.7227718234062195,0.5755535364151001,-2.4318103790283203

20.87985724210739,-0.6584248039871454,0.0,0.004144754260778427,-0.0031334212981164455,-0.09811072051525116
20.548956096172333,-0.6370799615979195,0.0,-0.010215199552476406,0.0011569177731871605,-0.09814365208148956
31.20364248752594,2.397245913743973,0.0,-0.0031150938011705875,0.00014477502554655075,0.16776159405708313
9.01428908109665,-9.580784291028976,0.0,0.006140651647001505,0.003938118927180767,0.8707830905914307
1.7267729468528614e-07,-3.820159907728618e-21,0.0,2.8423895059859206e-07,4.328229834373108e-16,1.1382421242416638e-21
58.340150117874146,196.82594537734985,0.0,-0.059054311364889145,-3.087256669998169,-1.2643424272537231
-948.3554840087891,-232.074236869812,0.0,-1.3642300367355347,0.6884048581123352,0.3651655912399292
1.6748188391702001e-07,-1.04677022605415e-06,0.0,9.982478843539866e-08,2.5662472147303106e-11,-7.330086646106793e-06
1.691215723020889e-07,1.2655397840788396e-07,0.0,-6.710328079861938e-07,3.7464658111940885e-12,3.854848884543571e-08
1.4359682154463371e-05,-3.957651983910182e-06,0.0,0.004419287666678429,-0.0005327222170308232,-1.0351297532906756e-05

20.18917053937912,-0.6161884404718876,0.0,-0.003092866623774171,-0.0013998004142194986,-0.09735701233148575
20.67307084798813,-0.6451700814068317,0.0,-0.004409906920045614,-0.0005916504305787385,-0.09810891002416611
55.21310567855835,4.210198298096657,0.0,-0.003249355824664235,0.013080265372991562,0.11977654695510864
-12.225557118654251,-24.034519493579865,0.0,3.07829213142395,-0.05175471305847168,0.5115096569061279
-20.431914925575256,12.712877988815308,0.0,-2.9017417430877686,-0.061351411044597626,0.20750775933265686
31.042397022247314,2.3800015449523926,0.0,-0.003965354058891535,0.0007193022756837308,0.16689692437648773
-48.48528504371643,-3.9920788258314133,0.0,0.0020497285295277834,-0.07714295387268066,-0.02924051322042942
-4.874201486870788e-07,-8.293589148777869e-08,0.0,-6.892878445796669e-05,2.2616213755100034e-06,-1.1950943346050735e-08
1.7267729468528614e-07,-2.208017887181267e-20,0.0,2.840545505478076e-07,1.45406673220062e-14,-5.662320772859408e-20
4.34526614844799,-1.2617899104952812,0.0,0.0003102746559306979,-0.0015288455178961158,-0.16479600965976715

21.064381301403046,-0.6694046314805746,0.0,-0.0007933140150271356,-0.0012000813148915768,-0.09847189486026764
21.761146187782288,-0.710927601903677,0.0,-0.00765607412904501,0.002327288966625929,-0.09991852939128876
20.817850530147552,-0.6546058692038059,0.0,0.002355072181671858,-0.0026294970884919167,-0.09808305650949478
1.712755492988549e-07,1.841500729682366e-07,0.0,-9.548575690132566e-07,1.486672937534017e-11,3.9221884406970275e-08
2.334982343018055,0.9554349817335606,0.0,0.006402207538485527,-0.009154457598924637,0.1225828006863594
155.05385398864746,-90.66282510757446,0.0,-2.9181556701660156,0.148599773645401,0.011881304904818535
-1.6523191703754492e-06,2.2164059476637021e-07,0.0,-2.3423110178555362e-05,-2.415068775007967e-05,-4.026316702265831e-08
18.578869104385376,0.6970484741032124,0.0,-0.0030660899356007576,0.00373320234939456,0.09972294420003891
18.92694979906082,-1.4306718483567238,0.0,-0.0023734383285045624,-0.0008706435328349471,0.06223393604159355
1.7266398311122089e-07,1.872434932798095e-10,0.0,-8.093982373225117e-09,1.6593910761534408e-13,2.1099266778179526e-09

21.453741192817688,-0.6925743073225021,0.0,-0.011193578131496906,0.002865769900381565,-0.09925944358110428
21.289828419685364,-0.6828204728662968,0.0,-0.006815918255597353,0.0011555294040590525,-0.09892360866069794
1.2096097457003907e-07,1.8455462158506464e-08,0.0,-4.746889992190972e-09,1.5783684359504946e-09,-3.515424751299179e-08
-0.0019579580111894757,0.0018918721252703108,0.0,0.006993907503783703,0.0008131226641125977,0.0005533500807359815
18.745458126068115,-0.07285316241905093,0.0,-0.007423536852002144,0.009154349565505981,0.028515750542283058
-42.668700218200684,32.39126205444336,0.0,-3.1414060592651367,0.09155605733394623,1.0194875001907349
1.7692521891987667e-07,-4.13777042143626e-10,0.0,-3.129201786578051e-08,7.355178865964263e-08,-4.90138450659483e-11
6.519833952188492,0.5907915998250246,0.0,0.005338866729289293,-0.0009248766000382602,0.30668190121650696
0.14210595982149243,-0.9139162488281727,0.0,0.0017110919579863548,-0.0051801688969135284,-0.16525819897651672
7.828405499458313,-0.6437965668737888,0.0,-0.0025487570092082024,0.000618237245362252,-0.1429283171892166

20.797167718410492,-0.6532580126076937,0.0,0.0013888812391087413,-0.002338435035198927,-0.09808578342199326
21.515192091464996,-0.6962313782423735,0.0,-0.01283468957990408,0.0035064725670963526,-0.099387027323246
3.406932069793811e-07,1.3259455755587624e-07,0.0,-8.975599996574601e-08,2.384538078104015e-08,-3.0912019610696007e-08
12.339866906404495,3.3276457339525223,0.0,-0.05539720878005028,0.006688117049634457,-1.384405255317688
0.13725787866860628,0.003389070479897782,0.0,0.007944688200950623,-0.0005833050818182528,-0.0008290805271826684
0.00936069991439581,0.0039237063901964575,0.0,-0.01700741797685623,-0.0011548869078978896,-0.0018998002633452415
21.26954048871994,0.8516339585185051,0.0,-0.002627002540975809,0.0007374432170763612,0.15644718706607819
0.05344875389710069,-1.0504153557121754,0.0,-0.0028011107351630926,0.004963601939380169,-0.084755077958107
1.1426873891551281e-07,-1.1622924844800764e-09,0.0,5.986993301121402e-08,8.292195730064122e-08,1.9205627366236655e-10
498.0757713317871,-24.09251779317856,0.0,-2.398268461227417,0.3789530396461487,1.7101736068725586

20.75580209493637,-0.6505622994154692,0.0,-0.000543733302038163,-0.0017562495777383447,-0.098092220723629
21.945567429065704,-0.721950875595212,0.0,-0.0023073756601661444,0.0009813507786020637,-0.1003275215625763
1.726947584934635e-07,2.0652215018419212e-11,0.0,2.9496317210941925e-07,8.735420720107356e-10,-5.93527449410658e-11
1.8037574767149067e-07,4.565759575969608e-09,0.0,1.604335508886834e-08,-4.340301895666698e-09,-7.665894585784372e-09
44.51374113559723,7.916194200515747,0.0,-0.005180546548217535,0.002239688765257597,0.31429263949394226
1949.9828338623047,193.64442825317383,0.0,-3.0880415439605713,-0.11802155524492264,0.29540953040122986
-1.6857011342352735e-07,-1.1106262576277004e-07,0.0,-2.7178457457921468e-05,-3.4415988920954987e-06,1.5875167846957083e-08
395.47460079193115,19.74141001701355,0.0,1.7300299406051636,-0.44417843222618103,-1.749321699142456
-4.3478623032569885,-2.758980169892311,0.0,-0.024230901151895523,0.00951492041349411,0.3929949998855591
0.00025500039555481635,-0.004944246029481292,0.0,-0.02313963510096073,0.0024783951230347157,0.002633556490764022

21.904589235782623,-0.7195014972239733,0.0,-0.003495654556900263,0.0012801847187802196,-0.10023599863052368
20.507457852363586,-0.6344630848616362,0.0,-0.011784679256379604,0.0016265532467514277,-0.09815087914466858
1.7267731688974663e-07,-1.1588227044612154e-07,0.0,9.741759043890852e-08,1.6294488544912888e-12,-1.1316093662117055e-07
24.215036630630493,0.12492252280935645,0.0,0.0025538017507642508,0.004372020717710257,-0.021545397117733955
-931.8477630615234,493.12000274658203,0.0,-1.6002042293548584,0.5119971632957458,-2.0590834617614746
12.451887875795364,0.10134236654266715,0.0,-0.0005184666370041668,0.0036013468634337187,0.10518449544906616
77.11014747619629,-3.2773591578006744,0.0,0.0005113407387398183,-0.09166128933429718,-0.05973267927765846
1.6555296257138252,-10.823947191238403,0.0,-0.025934385135769844,0.0010533949825912714,-0.8722146153450012
1.7267729468528614e-07,1.7200368615827082e-20,0.0,2.8441161248338176e-07,4.325209103124962e-16,2.656691677812218e-23
1.7268874108467003e-07,-2.9098389821811954e-11,0.0,3.5364254813430307e-07,8.543623586376725e-09,8.277115104426969e-12

21.53567373752594,-0.6974502466619015,0.0,-0.0133816571906209,0.0037199610378593206,-0.0994296744465828
24.215036630630493,0.12492252280935645,0.0,0.0025538017507642508,0.004372020717710257,-0.021545397117733955
23.162999749183655,-3.0198371037840843,0.0,-0.002761682728305459,0.007190376985818148,-0.10139074921607971
-0.018337434448767453,-0.5687289871275425,0.0,-0.0022585338447242975,-0.0008621581946499646,-0.07155124843120575
-0.020964581926818937,-0.033490784699097276,0.0,0.006329972296953201,0.0009174246806651354,0.019574612379074097
1.800988913558399e-07,2.87325250397652e-09,0.0,4.811831217921281e-07,1.167553831393775e-09,-7.186359840538614e-10
19.028708338737488,-1.2397647835314274,0.0,0.012113404460251331,0.010190398432314396,0.1006159856915474
-109.32093858718872,-73.40819835662842,0.0,-2.0492305755615234,-0.018313687294721603,-1.9468475580215454
1.1865711770951748,-0.05337970796972513,0.0,-0.00256271380931139,0.0010632142657414079,0.016307808458805084
0.4389159381389618,-0.6105170119553804,0.0,-0.15327689051628113,0.18473903834819794,0.1381043940782547

20.73511928319931,-0.6492143496870995,0.0,-0.0015101571334525943,-0.0014651280362159014,-0.09809593111276627
24.25386905670166,0.1265131519176066,0.0,0.003335030050948262,0.004428664688020945,-0.02177565172314644
61.605894565582275,-31.935802102088928,0.0,-3.0156354904174805,-0.01531306467950344,0.3716031014919281
76.87610983848572,2.5685280561447144,0.0,0.0008426983840763569,0.011992061510682106,0.05824184790253639
20.082096755504608,-1.7780348658561707,0.0,0.0025960905477404594,0.0024488973431289196,-0.05148109421133995
21.513769030570984,2.860964462161064,0.0,-0.002325857989490032,0.0009861054131761193,0.3425463140010834
27.545306086540222,-1.8402785062789917,0.0,-0.0018611156847327948,-0.009784294292330742,-0.16795767843723297
38.87301683425903,2.685854025185108,0.0,0.006097858306020498,-0.0006657795165665448,0.08447423577308655
-71.87771797180176,16.866756975650787,0.0,-0.030157702043652534,-0.00643149483948946,1.0836046934127808
2.414364042024886e-07,2.120268627336941e-07,0.0,1.0463514144021246e-07,-2.924491049327571e-08,-3.713905627478198e-08

21.166864037513733,-0.6755033973604441,0.0,-0.0035313351545482874,-0.00012877341941930354,-0.09867571294307709
24.215036630630493,0.12492252280935645,0.0,0.0025538017507642508,0.004372020717710257,-0.021545397117733955
359.11412239074707,-673.018741607666,0.0,0.2349511981010437,2.9741759300231934,0.22709369659423828
21.60687744617462,-2.3425424471497536,0.0,0.0004254757077433169,0.00864985678344965,-0.08580785989761353
1.7206315261475424e-07,2.9010121128242305e-10,0.0,-3.934855108411739e-09,1.848390147538015e-13,-6.379479167151203e-10
23.87169748544693,-3.335120528936386,0.0,-0.0037611350417137146,0.014372541569173336,-0.1971515268087387
3.4929905086755753,2.992832288146019,0.0,-0.002562164096161723,0.001067372621037066,0.004730184096843004
-0.006396544631570578,-0.009087285434361547,0.0,-0.06295693665742874,0.001267419196665287,-8.103681466309354e-05
1.7258671158870698e-07,2.076510187756786e-10,0.0,2.822040414685034e-07,8.350183391958588e-12,-8.75993375060169e-12
1.7267737240089787e-07,5.341593278807011e-08,0.0,-8.406532856497506e-07,1.3782507253534693e-11,3.8917502109825364e-08

21.60687744617462,-2.3425424471497536,0.0,0.0004254757077433169,0.00864985678344965,-0.08580785989761353
24.234452843666077,0.1257178606465459,0.0,0.002944442443549633,0.004400322213768959,-0.02166052907705307
9.735729545354843,-0.97782202064991,0.0,0.00658974377438426,-0.003360428847372532,0.05610455572605133
-854.3100357055664,-2339.722442626953,0.0,-3.027738571166992,0.05638190358877182,-1.114659309387207
17.691044509410858,0.8095169439911842,0.0,-0.002486816141754389,0.0008889671298675239,0.17066051065921783
9.476102888584137,1.1767147108912468,0.0,-0.0031782938167452812,-0.007812097202986479,0.5705091953277588
0.005719354885513894,0.0023579921617056243,0.0,-0.01971377618610859,0.0003102692135144025,-0.0004941907245665789
0.35556801594793797,0.5084982141852379,0.0,-0.14675745368003845,-0.017731640487909317,-0.1686190515756607
1.4192552688641058e-07,-2.2761477147525966e-07,0.0,-0.0002846686984412372,-3.44446198141668e-05,-3.845763174581407e-08
1.7474307556497592e-07,1.8548672597873406e-07,0.0,-1.1255315257585607e-06,1.0796688196257342e-11,3.889160282710691e-08

21.39834314584732,-2.323809824883938,0.0,0.010980390012264252,-0.0011937025701627135,-0.0856432169675827
24.234452843666077,0.1257178606465459,0.0,0.002944442443549633,0.004400322213768959,-0.02166052907705307
5.8254046031436246e-08,4.795659702683253e-09,0.0,5.552536549657816e-06,-2.959870016638888e-06,-8.105880966446932e-10
23.604577779769897,1.04017686098814,0.0,-0.008201980032026768,-0.007077133748680353,0.18664951622486115
1.7267729468528614e-07,-3.1818613104224506e-21,0.0,2.728871493218321e-07,-1.760404621582496e-17,-7.861395496681655e-22
21.715176105499268,1.5433561988174915,0.0,-0.005740991793572903,5.5323711421806365e-05,0.06974057853221893
-161.2359881401062,-119.65227127075195,0.0,-0.3187818229198456,0.4339703619480133,-1.5830684900283813
1.1190487425594142e-07,-4.445305581968206e-09,0.0,-3.501307901387918e-07,-2.4972301559955667e-08,-2.1510139502911585e-10
17.340651154518127,0.6077151745557785,0.0,-0.0024680420756340027,0.0011418908834457397,0.16361340880393982
-0.1978500047698617,0.007821386680006981,0.0,-0.04087335243821144,0.11069632321596146,-0.014603961259126663

21.51787281036377,-2.3337827995419502,0.0,0.005353795364499092,0.0043365913443267345,-0.08577226102352142
24.25386905670166,0.1265131519176066,0.0,0.003335030050948262,0.004428664688020945,-0.02177565172314644
1.2012476101517677,0.05974209634587169,0.0,0.005047885701060295,-0.0009865533793345094,0.019412565976381302
8.883309364318848,-0.6361120380461216,0.0,-0.0012210833374410868,0.007266287226229906,0.07542409002780914
1.7267753893435156e-07,6.327128762324136e-12,0.0,3.6085719301581776e-08,-7.188675436170522e-12,8.130259243621651e-10
18.742290139198303,2.3941032588481903,0.0,0.16195598244667053,0.00030916929244995117,-1.3599357604980469
1.726775500365818e-07,1.4310065990248005e-12,0.0,9.646100807003677e-08,-2.5989203678022932e-08,3.7863402734331086e-14
4.319048300385475,0.06197932525537908,0.0,-0.002562711015343666,0.0010667762253433466,0.021235037595033646
-1604.566764831543,-659.682035446167,0.0,-1.9407709836959839,0.3761669099330902,-1.025736927986145
0.6866707932204008,-0.005128138582222164,0.0,-0.005892958492040634,-0.0038374371360987425,-0.006027047522366047

21.592043340206146,-2.3410821333527565,0.0,0.0012467782944440842,0.007931575179100037,-0.08580054342746735
24.19562041759491,0.12412716168910265,0.0,0.002163103548809886,0.004343760199844837,-0.02143026888370514
21.715176105499268,1.5433561988174915,0.0,-0.005740991793572903,5.5323711421806365e-05,0.06974057853221893
1.513952575623989,-0.05212765536271036,0.0,-0.002562779001891613,0.0010609808377921581,0.017835035920143127
-0.005561465513892472,-0.0022367730707628652,0.0,-0.023308197036385536,0.0020734502468258142,0.001089148921892047
0.0016573427274124697,-0.005838142897118814,0.0,-0.023072658106684685,0.003096925560384989,-0.002572898752987385
1868.9861297607422,377.59571075439453,0.0,0.15949499607086182,-2.985646963119507,0.12972737848758698
4.310775175690651,0.061680859653279185,0.0,-0.002562721725553274,0.0010667203459888697,0.021228879690170288
-0.6192218512296677,-0.7787835318595171,0.0,-0.09431126713752747,0.1639195680618286,0.21292144060134888
9.174385695587262e-05,0.00029762670692434767,0.0,-0.002122071571648121,0.000988804385997355,0.0005621535237878561

21.532706916332245,-2.335241436958313,0.0,0.004532306920737028,0.005056056659668684,-0.08577689528465271
24.215036630630493,0.12492252280935645,0.0,0.0025538017507642508,0.004372020717710257,-0.021545397117733955
174.81650114059448,-79.21946048736572,0.0,-0.20193642377853394,0.1488562524318695,-1.9301689863204956
-11.823675781488419,17.398741841316223,0.0,3.130815029144287,0.11954674869775772,1.406798243522644
1.6964287752330165e-07,3.315822876687191e-10,0.0,8.096766812570877e-09,-0.0001448655966669321,1.6583774353762237e-09
-0.03788975300267339,-0.050298875430598855,0.0,-0.008169442415237427,0.004441242199391127,-0.0007045914535410702
-0.009925857739290223,-0.006226168625289574,0.0,-0.02316334843635559,0.0028301251586526632,0.0033272397704422474
-0.0004322219865571242,-0.0004168986833974486,0.0,-0.018730390816926956,0.00016104913083836436,4.91314749524463e-05
1.737994748118865e-07,-1.7460206457736716e-10,0.0,2.68622869725732e-07,-3.0890192626031876e-09,-1.0371332959113744e-10
1.9969098269939423,-0.01369054225506261,0.0,-0.002562127076089382,0.001066839788109064,0.019930275157094002

21.621784567832947,-2.3439427837729454,0.0,-0.0003807995526585728,0.009365872479975224,-0.08581312000751495
24.215036630630493,0.12492252280935645,0.0,0.0025538017507642508,0.004372020717710257,-0.021545397117733955
2.1612202748656273,-0.014674394333269447,0.0,-0.0025621256791055202,0.0010669305920600891,0.019870327785611153
1.9093222916126251,1.2406080961227417,0.0,0.031009145081043243,-0.32728126645088196,-0.11477689445018768
1.746014444137245e-07,1.0981577869273451e-07,0.0,9.168390135982918e-08,-2.5668429159964035e-08,-2.7455770990059136e-08
-125.96311569213867,30.155622959136963,0.0,-0.2890837788581848,-0.04280390962958336,-1.3368103504180908
-0.012059502478223294,-0.005911037442274392,0.0,-0.051485899835824966,0.0010567480931058526,-9.797563689062372e-05
0.011813938181148842,-0.0006736657269357238,0.0,-0.022073034197092056,0.0008933237404562533,0.0017288554226979613
-0.000509813708049478,0.02330621500732377,0.0,-0.00038275792030617595,-0.007431944366544485,-0.0005290044937282801
-7.438252121210098,12.186721712350845,0.0,-0.20227092504501343,1.006746530532837,-1.5886693000793457

21.60687744617462,-2.3425424471497536,0.0,0.0004254757077433169,0.00864985678344965,-0.08580785989761353
24.25386905670166,0.1265131519176066,0.0,0.003335030050948262,0.004428664688020945,-0.02177565172314644
2.4149038324594585e-07,2.1213246714779643e-07,0.0,1.0458715848926659e-07,-2.9253275357632447e-08,-3.7125062135601183e-08
-0.03780592232942581,-0.007388212543446571,0.0,-0.05490729212760925,0.002114847069606185,-1.1686232710417244e-06
-0.14694634592160583,-0.2119522076100111,0.0,0.000659793266095221,-0.0006887746276333928,-0.030745936557650566
204.8945665359497,-290.74690341949463,0.0,-2.509380578994751,0.08988754451274872,1.771116852760315
-64.30314183235168,4.973023012280464,0.0,0.2836109399795532,-0.4617001712322235,-0.7918115854263306
-339.79690074920654,428.9656162261963,0.0,-0.039692316204309464,2.892415761947632,-1.2757478952407837
-1.7558658495545387,-0.036292357253842056,0.0,-0.018564611673355103,-0.003928826190531254,-0.0233612023293972
-0.017112542991526425,-0.006706279964419082,0.0,-0.055217593908309937,0.001144865876995027,-0.00013146057608537376

21.562375128269196,-2.3381615057587624,0.0,0.0028895901050418615,0.0064943390898406506,-0.08578763902187347
24.25386905670166,0.1265131519176066,0.0,0.003335030050948262,0.004428664688020945,-0.02177565172314644
-62.082988023757935,-49.640658497810364,0.0,-3.106994152069092,0.13361337780952454,0.9169186949729919
32.40116536617279,4.600751772522926,0.0,-0.0025990637950599194,0.00075672467937693,0.32411354780197144
1.0048879506285857e-07,1.0708141040538521e-07,0.0,-1.039867498775493e-07,-4.809317388776435e-08,-2.861905201712034e-08
4.700718075037003,-0.7367533165961504,0.0,-0.5494792461395264,0.3287501931190491,-2.22360897064209
21.715176105499268,1.5433561988174915,0.0,-0.005740991793572903,5.5323711421806365e-05,0.06974057853221893
-1.2057225219905376,-2.302887663245201,0.0,0.2494569718837738,-0.042154278606176376,0.21048077940940857
1.7267750562766082e-07,1.40482641998777e-12,0.0,9.986942473005911e-08,-2.7596945173513632e-08,6.084471441221082e-14
-0.0050731316150631756,-0.00041286216401204,0.0,-0.020821990445256233,0.0004613516794051975,-0.00043284037383273244

21.54754102230072,-2.3367011919617653,0.0,0.003710902063176036,0.0057753026485443115,-0.0857820138335228
24.25386905670166,0.1265131519176066,0.0,0.003335030050948262,0.004428664688020945,-0.02177565172314644
10.960577428340912,0.06833845982328057,0.0,0.014011969789862633,0.001700912369415164,-0.07287945598363876
1.4361303257715008e-07,1.0620104795577845e-07,0.0,-2.5417770643798576e-07,7.107185950872008e-08,-2.8346315517069343e-08
-0.08459591190330684,-0.15395269729197025,0.0,-0.218208447098732,0.018652381375432014,-0.019171854481101036
3.1105192378163338,0.05601908778771758,0.0,0.008509434759616852,-0.0009462789166718721,-0.005450245924293995
20.446930825710297,-1.5649110078811646,0.0,-0.00425450224429369,-0.002173595828935504,0.020399799570441246
0.00048223528210655786,0.00018271638282385538,0.0,-0.002016116864979267,0.0008622030145488679,0.00044821706251241267
-21.99428528547287,-18.66944283246994,0.0,-0.08446281403303146,-0.04162902384996414,-1.313840627670288
83.44671726226807,-316.8842554092407,0.0,3.135930061340332,0.007628518622368574,0.6176326870918274

21.60687744617462,-2.3425424471497536,0.0,0.0004254757077433169,0.00864985678344965,-0.08580785989761353
24.234452843666077,0.1257178606465459,0.0,0.002944442443549633,0.004400322213768959,-0.02166052907705307
-37.13969588279724,52.0858108997345,0.0,1.9227336645126343,-0.5565754175186157,-0.48149824142456055
1.7310529676350939e-07,4.402117234104941e-11,0.0,2.49389131568023e-07,-5.538601133281418e-09,-3.169794342370441e-13
-8.87315571308136,25.337624549865723,0.0,-0.1578444540500641,-3.141322374343872,-0.4290468692779541
1.726812470792538e-07,7.509975280539649e-10,0.0,2.8165382559564023e-07,1.0904818714685405e-10,-1.086774238851819e-13
1.5416676178574562,-0.5563567392528057,0.0,0.0013066616374999285,-0.00701006269082427,-0.11583578586578369
1.8877814866868903e-07,5.177321904525911e-08,0.0,-6.103130090195918e-07,1.7831180798566493e-07,-1.3555940370224562e-08
-6.598581681060978e-07,-1.3297418721691656e-10,0.0,-1.9016002624994144e-05,-3.2063194339571055e-06,-3.8698090065736324e-08
-0.00022753833945898805,-0.11562132276594639,0.0,-3.561240737326443e-05,0.002809940604493022,0.003462037770077586

21.621784567832947,-2.3439427837729454,0.0,-0.0003807995526585728,0.009365872479975224,-0.08581312000751495
24.25386905670166,0.1265131519176066,0.0,0.003335030050948262,0.004428664688020945,-0.02177565172314644
175.50008296966553,72.99819588661194,0.0,0.007231844589114189,0.03357473015785217,-2.997530460357666
785.9948635101318,1352.1867752075195,0.0,-1.6017616987228394,0.712371289730072,-1.6835591793060303
-2.5826558470726013,-0.5201690830290318,0.0,-0.010975615121424198,-0.016167160123586655,0.10639532655477524
651.3964653015137,452.73094177246094,0.0,1.0730706453323364,-2.2902655601501465,0.4784385859966278
0.0051636456191772595,0.001344335760222748,0.0,-0.019469084218144417,0.0002088446490233764,-0.0004019961634185165
9.88236591219902,-0.2149868756532669,0.0,0.0008353478624485433,0.009826279245316982,-0.04900704696774483
28.183794021606445,-207.3155403137207,0.0,-0.0011397533817216754,0.001985804410651326,-1.538602590560913
143.56861114501953,-67.67149567604065,0.0,-0.30957266688346863,-0.8106319308280945,-1.0258440971374512

21.562375128269196,-2.3381615057587624,0.0,0.0028895901050418615,0.0064943390898406506,-0.08578763902187347
24.25386905670166,0.1265131519176066,0.0,0.003335030050948262,0.004428664688020945,-0.02177565172314644
20.307056605815887,-1.4182950370013714,0.0,-0.0018546476494520903,0.013049034401774406,-0.1493409126996994
1.726770948451417e-07,1.5029053557213956e-07,0.0,-7.591430767206475e-05,9.022989300166984e-11,5.508852041202772e-07
0.0030564875487471,0.0016701673303032294,0.0,0.0010803589830175042,-0.0028123618103563786,-0.008472932502627373
69.4269061088562,-29.148557782173157,0.0,-0.07621344923973083,-0.04623391479253769,2.2314112186431885
14.549088478088379,-0.6303980015218258,0.0,0.00062609335873276,-0.0015643490478396416,-0.06938350200653076
33.56837034225464,-1.1938347481191158,0.0,-0.004706961568444967,-0.014288946986198425,-0.08990275859832764
1.7267729468528614e-07,2.948952400075354e-20,0.0,2.841266280029231e-07,-6.4352548897333994e-15,-9.78993458115797e-21
-0.001116195744543802,-0.009096174471778795,0.0,-0.0016678181709721684,-0.011950796470046043,0.001699761487543583

21.562375128269196,-2.3381615057587624,0.0,0.0028895901050418615,0.0064943390898406506,-0.08578763902187347
24.25386905670166,0.1265131519176066,0.0,0.003335030050948262,0.004428664688020945,-0.02177565172314644
3.151964396238327,-0.01884787925519049,0.0,0.006562424823641777,-0.0011892699403688312,-0.06448023021221161
1.6751928733071964e-07,3.696475851105996e-10,0.0,5.570014991462813e-07,-3.145496307865869e-08,-2.2938081989387626e-10
31.10668659210205,-0.23354487493634224,0.0,0.01022148597985506,0.002943634055554867,0.016992809250950813
0.05000547389499843,-0.0008049422831390984,0.0,0.00403943145647645,0.004648126196116209,0.001736928941681981
1.0637426495208047e-07,1.1152708964679015e-09,0.0,-1.6514730987182702e-06,-1.2982535224637104e-07,2.0989305848928552e-09
9.684651969266156e-08,1.2811344866914265e-09,0.0,6.700679477944504e-08,-1.838043850455051e-08,-2.526381881473583e-10
89.38780426979065,-6.913134455680847,0.0,-0.08470295369625092,-0.04150230064988136,-0.7775223255157471
0.46637775376439095,-0.7849646732211113,0.0,0.1570953130722046,-0.0003798888064920902,-0.056501977145671844

21.562375128269196,-2.3381615057587624,0.0,0.0028895901050418615,0.0064943390898406506,-0.08578763902187347
24.156787991523743,0.12253625318408012,0.0,0.001381529844366014,0.004287366755306721,-0.021199975162744522
28.04596722126007,-0.6967408582568169,0.0,0.0006528070662170649,2.0377254259074107e-05,-0.06100494787096977
7.431142032146454,211.9175910949707,0.0,2.613727569580078,1.148777723312378,0.531313955783844
-8.826656639575958,-14.718680083751678,0.0,0.10184267908334732,3.11020565032959,0.8797955513000488
18.98374855518341,0.2168215112760663,0.0,-0.007953236810863018,9.559380123391747e-05,-0.17473796010017395
3.1410038471221924,0.2479929244145751,0.0,-0.006272302474826574,0.004762164782732725,-0.13662710785865784
10.03190204501152,-8.536701649427414,0.0,0.0742100402712822,-0.047440655529499054,2.378166913986206
-177.43242979049683,179.14621829986572,0.0,-0.7778978943824768,-0.0831635370850563,2.95021390914917
0.00631266157142818,0.37545906379818916,0.0,-0.036976635456085205,0.128488689661026,-0.026089219376444817

21.532706916332245,-2.335241436958313,0.0,0.004532306920737028,0.005056056659668684,-0.08577689528465271
24.25386905670166,0.1265131519176066,0.0,0.003335030050948262,0.004428664688020945,-0.02177565172314644
968.4638023376465,948.6787796020508,0.0,-1.1862705945968628,-0.7749083638191223,-2.5811574459075928
8.375018835067749,-1.2543164193630219,0.0,-0.0012186438543722034,-0.0026586540043354034,-0.024298910051584244
-598.3022212982178,-316.28310680389404,0.0,0.13945771753787994,0.12261798977851868,-2.1987435817718506
1.3220424932569586e-05,0.00013303691730470746,0.0,-0.00030884749139659107,0.00015692888700868934,7.880293560447171e-05
50.749462842941284,7.904089242219925,0.0,0.00414675148203969,0.0028691301122307777,0.24896588921546936
-0.0004261110916559119,-0.001663200237089768,0.0,-0.02317964844405651,0.003155793994665146,-9.123746713157743e-05
0.46254037879407406,-0.0855198479257524,0.0,-0.0026849021669477224,0.001700754975900054,0.030211078003048897
1.619831845164299,-0.1010924344882369,0.0,0.013836491852998734,0.005937557201832533,-0.007656156085431576

21.621784567832947,-2.3439427837729454,0.0,-0.0003807995526585728,0.009365872479975224,-0.08581312000751495
24.25386905670166,0.1265131519176066,0.0,0.003335030050948262,0.004428664688020945,-0.02177565172314644
1.1019123391520225e-07,4.993044519507883e-09,0.0,5.186889584507526e-09,7.501192375580779e-12,-1.1291045876049566e-09
-84.93333458900452,5.320233479142189,0.0,-0.09179113060235977,0.22557272017002106,-1.1915806531906128
4.484423995018005,-0.35886892583221197,0.0,-0.00264603178948164,0.0011691944673657417,0.23050881922245026
5471.891403198242,18.952329456806183,0.0,0.009151836857199669,-0.8405104279518127,0.13870885968208313
44.41012144088745,5.300549417734146,0.0,0.05876448005437851,-0.03220605105161667,-0.7906038761138916
-0.002738444527494721,-0.0027293632228975184,0.0,0.001236165757291019,0.0012547093210741878,-1.0422210834803991e-05
0.6995076779276133,0.5801272112876177,0.0,-0.0006577884196303785,0.0011011585593223572,0.008700743317604065
391.0602331161499,92.07667112350464,0.0,-0.21737149357795715,0.35456839203834534,-0.056520793586969376

21.60687744617462,-2.3425424471497536,0.0,0.0004254757077433169,0.00864985678344965,-0.08580785989761353
24.25386905670166,0.1265131519176066,0.0,0.003335030050948262,0.004428664688020945,-0.02177565172314644
146.35993242263794,90.60332179069519,0.0,-0.0025505826342850924,0.001512595103122294,0.834376871585846
-1.4057055115699768,4.460373148322105,0.0,0.0008889781311154366,-0.01589500717818737,-0.15370339155197144
9.007824212312698,0.5025659687817097,0.0,0.003907401114702225,0.00021223431394901127,-0.056825123727321625
292.4978733062744,336.99662685394287,0.0,0.5001011490821838,0.04272019863128662,-2.0440423488616943
0.004283923408365808,0.25991059374064207,0.0,0.006404158193618059,6.701079837512225e-05,-0.017960110679268837
24.060526490211487,0.9818096645176411,0.0,-0.0032930888701230288,-0.002766306046396494,0.049606189131736755
-7.430535554885864,-2.3194273933768272,0.0,-0.02466350421309471,0.0006605911185033619,0.3168691396713257
-0.9839177131652832,-0.34110734704881907,0.0,-0.029754221439361572,0.09941761195659637,0.08924689888954163

23.898327350616455,0.9704758413136005,0.0,0.0009320501121692359,-0.004009766969829798,0.0507466085255146
24.215036630630493,0.12492252280935645,0.0,0.0025538017507642508,0.004372020717710257,-0.021545397117733955
58.46809148788452,-19.115522503852844,0.0,0.04540625214576721,3.123286485671997,-0.9328383803367615
1.726772835830559e-07,4.173288381537077e-08,0.0,-7.591358735226095e-05,6.987879025421861e-11,5.735343506785284e-07
1.7267732799197688e-07,2.4220253580509166e-08,0.0,-8.407002383137296e-07,-4.65760199505616e-12,5.065506414325682e-08
0.026465969858691096,-0.007351067324634641,0.0,-0.023385651409626007,0.002221102826297283,0.0014856113120913506
18.671832978725433,-0.6179019808769226,0.0,-0.013092967681586742,0.003490129951387644,0.03395313024520874
-140.91546535491943,-132.64873027801514,0.0,0.011320896446704865,-0.2942845821380615,1.6771714687347412
0.7348112761974335,0.17874017357826233,0.0,0.0006896367995068431,-0.008713740855455399,0.014321559108793736
-0.7081438787281513,-0.4696718882769346,0.0,-0.1115170493721962,0.14368373155593872,0.07398788630962372

23.759256303310394,0.9607579559087753,0.0,0.0045611560344696045,-0.005152150057256222,0.051721248775720596
24.234452843666077,0.1257178606465459,0.0,0.002944442443549633,0.004400322213768959,-0.02166052907705307
64.40943479537964,0.028817896964028478,0.0,-0.005615768022835255,0.004171884618699551,0.008716524578630924
-0.266430526971817,-0.1306883990764618,0.0,-0.2159677892923355,0.026350941509008408,-0.022776585072278976
-2.4779961904641823e-05,0.07320981239899993,0.0,0.0009286619606427848,-0.00906082522124052,-0.0008626174530945718
-2.308165468275547,-3.990073874592781,0.0,-0.0027833767235279083,0.0007823848864063621,0.48858416080474854
5.418820306658745,1.6022006049752235,0.0,0.006004445254802704,0.002258232794702053,-0.43348801136016846
5223.8128662109375,-20095.945739746094,0.0,-2.8968143463134766,0.5467060804367065,-0.9714851975440979
-0.008690905815456063,0.0047061799705261365,0.0,-0.01159560028463602,-0.003481431631371379,-0.0014931908808648586
202.72183418273926,1007.8153610229492,0.0,-2.1530325412750244,0.3546704053878784,-1.8005543947219849

23.851971328258514,0.9672367013990879,0.0,0.002139477990567684,-0.0043821437284350395,0.05107174068689346
24.176204204559326,0.12333174236118793,0.0,0.0017723478376865387,0.004315542057156563,-0.02131512388586998
61.09105348587036,-47.471415996551514,0.0,-0.05052071064710617,0.13457731902599335,-1.3922678232192993
413.39077949523926,227.30741500854492,0.0,-0.0027279288042336702,0.0007668939651921391,0.9891011118888855
-9.476850926876068,-1.2743234634399414,0.0,-0.023632366210222244,0.0007844431675039232,0.1653989851474762
71.44882678985596,5.576791986823082,0.0,-0.002405990846455097,0.0011063830461353064,0.18767230212688446
-0.0017555863450979814,-0.005019965101382695,0.0,-0.026196662336587906,0.003651995910331607,0.00019731167412828654
0.7445779629051685,-0.13248223112896085,0.0,-0.002548591699451208,0.0010475297458469868,0.031483232975006104
-36181.23474121094,21212.005615234375,0.0,3.043870687484741,-0.460503488779068,0.03753520920872688
-0.010936459875665605,0.007533491589128971,0.0,-0.010974789038300514,-0.004899203777313232,-0.0024828219320625067

24.19951856136322,0.9915216825902462,0.0,-0.006913822144269943,-0.0017744520446285605,0.04862575978040695
24.25386905670166,0.1265131519176066,0.0,0.003335030050948262,0.004428664688020945,-0.02177565172314644
-0.0010264812772220466,-0.012179623445263132,0.0,-0.023706624284386635,0.0033090875949710608,0.0051747532561421394
18.876299262046814,-5.901042744517326,0.0,-0.006314239464700222,-0.007849996909499168,-0.28146424889564514
139.0589714050293,82.28909373283386,0.0,-0.002699504839256406,0.0009911473607644439,0.85576331615448
0.6052919197827578,-0.1532032387331128,0.0,-0.002566321287304163,0.0010178658412769437,0.038253095000982285
0.04401481710374355,-0.21664616651833057,0.0,0.001977482344955206,-0.0033517559058964252,-0.019076257944107056
-56.38585686683655,-6.394762545824051,0.0,-0.1359894871711731,-0.012972577475011349,-2.7001290321350098
96.7835783958435,-69.53282356262207,0.0,-0.15770316123962402,-0.00037466734647750854,2.1310229301452637
-30.131113529205322,-20.84106206893921,0.0,-0.03389737755060196,-3.1344308853149414,-0.571297824382782

23.71266633272171,0.9575064294040203,0.0,0.0047399988397955894,-0.005178526975214481,0.052013639360666275
24.234452843666077,0.1257178606465459,0.0,0.002944442443549633,0.004400322213768959,-0.02166052907705307
0.061869435012340546,0.01646931195864454,0.0,0.001747815404087305,-0.0008726786472834647,0.0037159016355872154
0.33040905836969614,-0.03858039854094386,0.0,-0.001650670194067061,-0.005643256939947605,0.0018116889987140894
-44.76744532585144,-80.33334016799927,0.0,-0.1257459819316864,0.18976421654224396,-1.654226303100586
1.662148529923968e-07,-2.626527814686419e-09,0.0,-1.1158275414757668e-09,-0.00023030936426948756,1.9052137645303446e-10
1.7300550991805608e-07,-8.386812133664989e-07,0.0,-2.8095433890484856e-07,1.9922613558875923e-10,-0.00010933344310615212
1.5675896778702736,4.058273881673813,0.0,-0.2988482415676117,0.18559974431991577,-0.4680854380130768
-16.002440452575684,54.26505208015442,0.0,0.014148146845400333,0.2843356430530548,-0.5479359030723572
45.70385813713074,-68.4883713722229,0.0,-0.1120351254940033,0.18321242928504944,0.8068869709968567

23.408102989196777,0.9365338832139969,0.0,-0.002307172631844878,-0.0025451146066188812,0.05363999679684639
24.234452843666077,0.1257178606465459,0.0,0.002944442443549633,0.004400322213768959,-0.02166052907705307
-0.001112922382162651,-0.0016974259779090062,0.0,-0.023104388266801834,0.0031064802315086126,-8.899441309040412e-05
-3.3048448422334786e-07,-5.150896202621436e-10,0.0,-2.586066694121314e-09,-0.0019379100995138288,1.9068754908424523e-10
13.23719471693039,-38.37614953517914,0.0,0.2517608106136322,-3.128541946411133,0.8349323868751526
-14469.097900390625,-1706.3411712646484,0.0,-0.34075433015823364,0.8185142874717712,2.839951992034912
315.56670665740967,-509.43284034729004,0.0,0.18948043882846832,0.011275924742221832,-0.5555192828178406
0.00149753623190918,-0.0007293136150110513,0.0,-0.019209088757634163,-9.613539441488683e-05,1.6135234545799904e-05
1288.674545288086,-138.46263885498047,0.0,-0.31822648644447327,0.0068336594849824905,-2.555783748626709
-0.032411611755378544,-0.1496307086199522,0.0,0.015595556236803532,-0.00963229313492775,0.04027865082025528

24.687039852142334,1.0249919258058071,0.0,-0.0055691394954919815,-0.0030556293204426765,0.04491247609257698
24.098537862300873,0.12014810927212238,0.0,0.00020846078405156732,0.004203112330287695,-0.020854616537690163
51.08844041824341,8.940160274505615,0.0,-0.48037075996398926,0.16923464834690094,-0.046720072627067566
8.458425626578503e-08,-5.280874404434144e-06,0.0,2.8062493129255017e-07,1.508287245099993e-10,-3.605859456001781e-05
-1936.6357803344727,-191.01778268814087,0.0,1.3173717260360718,-0.0069768400862813,1.5418394804000854
-1330.4204940795898,-540.4778957366943,0.0,-2.9627068042755127,-0.02807886153459549,-1.1262816190719604
0.5395199172198772,-0.019670178880915046,0.0,-0.023101769387722015,0.003107247641310096,-0.0040208431892097
64.96723294258118,43.729424476623535,0.0,-2.798724412918091,-0.0020595802925527096,-0.9350298047065735
0.11353292502462864,-5.005551129579544,0.0,1.0726181268692017,-0.0922119989991188,-0.09456490725278854
43.62771511077881,1.7336390912532806,0.0,0.0010784283513203263,-0.00425431365147233,0.05737219750881195

25.24409592151642,1.0630564764142036,0.0,0.0005866658757440746,-0.0068524363450706005,0.040573637932538986
24.25386905670166,0.1265131519176066,0.0,0.003335030050948262,0.004428664688020945,-0.02177565172314644
-814.1581535339355,953.8041114807129,0.0,-3.123297691345215,-0.7957655787467957,-0.7214402556419373
-0.01326674100710079,-0.012980998144485056,0.0,0.003315030364319682,-0.006962229963392019,-3.706659481395036e-05
387.7150297164917,402.9762268066406,0.0,6.992174166953191e-05,0.0010091612348333001,-2.3286237716674805
-691.7157173156738,16.81159883737564,0.0,1.39461350440979,-0.383475124835968,-1.0163038969039917
90.14493227005005,228.62520217895508,0.0,-0.5772800445556641,0.03588300198316574,-3.139732837677002
1.2614257194343281e-06,1.3542699184299067e-07,0.0,6.526449578814209e-05,-0.0001526373962406069,-3.5374142726141145e-08
1.7258346973747507e-07,4.372478767944443e-09,0.0,-1.1200484095752472e-07,-2.350287390921746e-13,2.591783321292951e-08
806.2728881835938,1114.2111778259277,0.0,2.1850578784942627,0.6630651354789734,1.7792457342147827

25.406503677368164,1.074152160435915,0.0,0.002381540136411786,-0.008147010579705238,0.039304811507463455
24.25386905670166,0.1265131519176066,0.0,0.003335030050948262,0.004428664688020945,-0.02177565172314644
1.7224298654028303e-07,-8.369485965007643e-13,0.0,9.638707609838093e-09,-6.179659976623952e-05,-1.9049795378298096e-13
11.102259904146194,1.74800343811512,0.0,0.0021284869872033596,0.008170540444552898,0.11588947474956512
2.0415564794262764e-07,1.744641431322691e-07,0.0,4.991477453586413e-07,3.3873375215875967e-09,-3.531440739834579e-08
30.775749683380127,25.01102387905121,0.0,-0.006975788157433271,-0.006499496288597584,0.39685338735580444
24.618785083293915,-5.852033197879791,0.0,0.007507065311074257,-0.004628443159162998,-1.2450085878372192
79.00219559669495,220.8273410797119,0.0,0.46268975734710693,2.8347012996673584,-0.43186497688293457
1.7346354352909543e-07,7.970291961145737e-10,0.0,9.475031426120495e-09,-9.662360495044098e-11,-1.7055730439086147e-10
-98.91489744186401,77.72789001464844,0.0,-0.011875965632498264,0.0009528791415505111,-0.39465123414993286

25.429704785346985,1.0757368057966232,0.0,0.0026379453483968973,-0.008338844403624535,0.039123401045799255
24.25386905670166,0.1265131519176066,0.0,0.003335030050948262,0.004428664688020945,-0.02177565172314644
1.695326656836471e-07,7.496220576783466e-12,0.0,-8.098341552909005e-09,-0.00016782844613771886,1.6928426976176025e-12
315.27388095855713,-469.058895111084,0.0,-0.015028093941509724,0.7600070834159851,-1.011001706123352
102.94153690338135,49.18600618839264,0.0,-0.06697430461645126,-0.259972482919693,-2.362633228302002
-3.2690901309251785,0.09716568747535348,0.0,-0.030899396166205406,0.004680335521697998,0.0290706604719162
-0.7799274753779173,-0.04383689374662936,0.0,0.001095422776415944,-0.015038534067571163,0.05945822596549988
1.4595420427809813e-07,-8.673304852102603e-08,0.0,-5.396843221205927e-07,1.4622447963574814e-07,3.210861976299384e-08
1.6651898748776262e-07,-2.4793220254615278e-08,0.0,-1.5298677453756682e-06,3.7746332282040385e-07,1.1009257949723406e-09
-8.964092284440994,-1.405928935855627,0.0,-0.021852344274520874,0.020653190091252327,2.571549415588379

25.220894813537598,1.0614712722599506,0.0,0.00033024256117641926,-0.006674392614513636,0.04075474292039871
24.25386905670166,0.1265131519176066,0.0,0.003335030050948262,0.004428664688020945,-0.02177565172314644
-0.4196453373879194,-0.042139203287661076,0.0,-0.11357775330543518,0.024171018972992897,-0.12884195148944855
1.7341813540738826e-07,8.464408861319495e-10,0.0,2.906155600612692e-07,-3.9212036395674943e-10,-2.709858726301917e-10
0.019541397341527045,-0.0017685546481516212,0.0,-0.023867515847086906,0.0033226627856492996,-0.00013507019320968539
56.38514161109924,-95.25008797645569,0.0,-0.07562601566314697,2.717878580093384,0.1510167419910431
81.53891563415527,-11005.421447753906,0.0,2.2323577404022217,1.2469823360443115,0.5266037583351135
1.7297441257113633e-07,9.52675938137304e-08,0.0,-5.06521587340103e-07,1.502067874525892e-07,-2.0333899897195806e-08
-3.945954516530037,-0.2238522283732891,0.0,-0.02360643446445465,0.002137228846549988,0.11223858594894409
0.046274226042442024,-0.004037674079881981,0.0,0.00035688272328116,0.0005134681123308837,-0.001157078891992569

25.360101461410522,1.0709820315241814,0.0,0.0018687295960262418,-0.007768516428768635,0.039667513221502304
24.25386905670166,0.1265131519176066,0.0,0.003335030050948262,0.004428664688020945,-0.02177565172314644
-0.00031886925171420444,-0.08213187102228403,0.0,-0.0033459055703133345,-0.007674667984247208,-0.00027925590984523296
0.04423056379891932,-0.003886417835019529,0.0,0.0007817533914931118,0.001557030831463635,-0.0002720477932598442
3.1704887747764587,-0.04248145851306617,0.0,-0.000790526857599616,-0.005463330540806055,-0.00985321681946516
1.7267803853471264e-07,2.9721908392571147e-12,0.0,1.053388416494272e-07,-2.9261270739766587e-08,8.980073900200641e-14
-0.005080418850411661,0.0014892646504449658,0.0,0.007558899000287056,0.0003606473619583994,0.002224741503596306
0.23067749571055174,0.016806226631160825,0.0,-0.031431976705789566,0.006958546116948128,-0.013834763318300247
-68092.51708984375,-4178.280258178711,0.0,-1.0472050905227661,-0.7596096396446228,2.8629753589630127
0.02733504807110876,-0.027494225651025772,0.0,-0.002555450424551964,0.0010667071910575032,0.007831333205103874

25.429704785346985,1.0757368057966232,0.0,0.0026379453483968973,-0.008338844403624535,0.039123401045799255
24.25386905670166,0.1265131519176066,0.0,0.003335030050948262,0.004428664688020945,-0.02177565172314644
1.7267729468528614e-07,-4.2150281781415215e-22,0.0,8.389966055233344e-09,-2.557396285063666e-16,-2.902910628005438e-23
1.726772835830559e-07,-1.3704587866012613e-11,0.0,1.6308979411405744e-07,-8.703146710253851e-13,-2.1724064769301776e-09
0.0013210196811996866,0.000196917676476005,0.0,-0.0020057596266269684,0.0008556860848329961,0.000456692767329514
1.3376347807181332e-07,1.5218571958186544e-07,0.0,-2.0361520114420273e-07,4.792464736169677e-08,-3.6655936952456614e-08
1.7493976280093193,0.0067626009695231915,0.0,0.08062373846769333,0.041554369032382965,-0.44140681624412537
-0.0001549644139231532,0.000195799361790705,0.0,-5.304500155034475e-05,-0.010021512396633625,-3.492900077617378e-06
15.50111472606659,1.1280307546257973,0.0,0.004854647908359766,-0.0005775713943876326,0.12428472936153412
1.7265513463371462e-07,-6.436371990936607e-08,0.0,-8.015434218577866e-07,1.6337041094938165e-11,-1.0176036013831435e-08

25.360101461410522,1.0709820315241814,0.0,0.0018687295960262418,-0.007768516428768635,0.039667513221502304
24.25386905670166,0.1265131519176066,0.0,0.003335030050948262,0.004428664688020945,-0.02177565172314644
1.7267727248082565e-07,-3.840270522371611e-12,0.0,4.382313534279092e-08,-3.297325737103285e-12,-6.711842193141138e-10
1.7284392805905213e-07,1.5306041989404662e-07,0.0,-4.757664040511145e-09,1.495925827654787e-09,-3.993052288819854e-08
-551.3034820556641,987.5655174255371,0.0,0.09794101119041443,3.1017723083496094,-1.1153560876846313
1.7267729468528614e-07,-8.599590175745052e-19,0.0,2.821300029154372e-07,-2.8010778172307162e-14,-1.8998485268783044e-19
-0.007021776400506496,-0.007917272887425497,0.0,-0.023305170238018036,0.002975757932290435,0.0036278984043747187
11.006234586238861,-0.6047877948731184,0.0,0.00225948472507298,0.00918615236878395,0.05092176795005798
15.022194385528564,-1.2629438191652298,0.0,-0.009262684732675552,-0.00020968193712178618,0.09449541568756104
23.621658980846405,1.0474423877894878,0.0,-0.007974839769303799,-0.0067422823049128056,0.18620650470256805

22.57942408323288,0.8670087903738022,0.0,0.0038679398130625486,-0.004010098986327648,0.05707963928580284
24.25386905670166,0.1265131519176066,0.0,0.003335030050948262,0.004428664688020945,-0.02177565172314644
-1.239177982448325e-07,-1.4713315010794759e-07,0.0,-5.507248260983033e-06,-5.906798605792574e-07,3.1730380101180344e-08
5.252497548013935e-07,1.9100219184053913e-07,0.0,-2.4636999995664155e-08,1.885368661191933e-08,-4.739792558439149e-08
-14.314842224121094,67.01187491416931,0.0,-3.1415886878967285,-0.08999942243099213,-0.5049638748168945
-4283.228302001953,2642.9386138916016,0.0,0.062550850212574,-3.0831799507141113,0.44936275482177734
-0.08347139810211957,-0.008331576100317761,0.0,-0.001882125623524189,-0.010096880607306957,0.002192564308643341
19.604337215423584,4.639710485935211,0.0,-0.0026111421175301075,0.0009992008563131094,0.5565057992935181
32.1777880191803,-0.1334118889644742,0.0,0.0017054142663255334,0.0008088448084890842,-0.0032388390973210335
0.0002956869138870388,-0.0001995337242988171,0.0,0.00154830829706043,0.00317318644374609,0.0006069824448786676

23.736074566841125,0.9591354057192802,0.0,0.005167982075363398,-0.005350162275135517,0.051883719861507416
24.215036630630493,0.12492252280935645,0.0,0.0025538017507642508,0.004372020717710257,-0.021545397117733955
-0.004886643000645563,-0.009096790745388716,0.0,-0.06181003898382187,0.0006858742563053966,-1.543940743431449e-05
0.004324284600443207,-0.0035673358070198447,0.0,-0.02299240045249462,0.0023650694638490677,0.002157981973141432
23.548591136932373,-28.569895029067993,0.0,-3.1136438846588135,0.007560194469988346,1.419681191444397
0.0028810565709136426,-0.46625700779259205,0.0,-0.015506758354604244,0.0038680052384734154,-0.03343772888183594
-7.255613803863525,14.062473177909851,0.0,3.047828197479248,0.03599463030695915,0.8434663414955139
-684.7703456878662,372.3342180252075,0.0,-0.28606805205345154,1.0368613004684448,1.5687485933303833
3.9781413972377777,3.533782809972763,0.0,-0.0026075816713273525,0.0010865589138120413,0.034388668835163116
-0.03882363671436906,-0.0989417894743383,0.0,-0.17194752395153046,0.0016353927785530686,0.0012747962027788162

25.406503677368164,1.074152160435915,0.0,0.002381540136411786,-0.008147010579705238,0.039304811507463455
24.25386905670166,0.1265131519176066,0.0,0.003335030050948262,0.004428664688020945,-0.02177565172314644
0.0018272286979481578,-0.00036345313674246427,0.0,-0.002616939600557089,0.0010774576803669333,0.00013083133671898395
-0.0014855190784146544,0.0007471401659131516,0.0,-0.0006077532889321446,0.0010473664151504636,0.00035329710226505995
0.013651968038175255,0.005005347702535801,0.0,-0.015307684428989887,-0.0035167376045137644,-0.0011211754754185677
0.00171870160556864,0.0048722657083999366,0.0,-0.02302583120763302,0.0011924117570742965,0.001101169385947287
0.003790223490796052,0.0045866850996389985,0.0,-0.019258124753832817,0.00039980068686418235,0.00014627850032411516
12.461616843938828,0.24712600279599428,0.0,-0.002556001767516136,0.0010800063610076904,0.1736033707857132
0.005798695201519877,-0.004074286698596552,0.0,-0.023007811978459358,0.0023731335531920195,0.0020300622563809156
-0.40780627168715,-0.08793880697339773,0.0,-0.017067458480596542,-0.004382258281111717,0.13934123516082764

24.50123429298401,1.0122960433363914,0.0,-0.007622238714247942,-0.0020111172925680876,0.046355701982975006
24.234452843666077,0.1257178606465459,0.0,0.002944442443549633,0.004400322213768959,-0.02166052907705307
-4.320262745022774,-0.2243653405457735,0.0,-0.04940348491072655,0.02228105068206787,-0.024795271456241608
0.0013035059964749962,0.0006484691766672768,0.0,-0.023953385651111603,0.0028958553448319435,0.0025726566091179848
-0.03380267007742077,-0.16427143709734082,0.0,0.007866134867072105,-0.00043715385254472494,0.01007228996604681
0.002343184496567119,-0.00015860922530919197,0.0,-0.002562384819611907,0.001067443983629346,9.393133223056793e-05
1.7236491123284736e-07,2.692819274854874e-10,0.0,3.316320942303719e-07,1.6155679016804925e-09,-2.0825714763805792e-10
-0.0003295258466096129,-0.008231159154092893,0.0,-0.025633443146944046,0.0033951655495911837,-5.8842419093707576e-05
-0.001805387728381902,-0.000982750134426169,0.0,-0.01995890401303768,0.0008049225434660912,-1.6663851056364365e-05
-0.06571830017492175,-0.014041113900020719,0.0,-0.0709422379732132,0.00834633968770504,0.0001523615646874532

25.360101461410522,1.0709820315241814,0.0,0.0018687295960262418,-0.007768516428768635,0.039667513221502304
24.13737177848816,0.1217406359501183,0.0,0.0009906350169330835,0.004259235691279173,-0.021084832027554512
-25.525707006454468,-2.0531589165329933,0.0,-0.07852473855018616,0.05699785053730011,0.24778686463832855
0.013739673886448145,0.007922664372017607,0.0,-0.0006226910627447069,0.001061712740920484,-0.00139414903242141
0.0004324446308601182,-0.00012432250287019997,0.0,-0.019622594118118286,0.00036506203468889,-4.586664726957679e-05
1.7334979007799234e-07,1.847381470021503e-07,0.0,-1.3497841564458213e-06,1.5286620927423833e-11,3.897151046317049e-08
18.275335431098938,-3.5433754324913025,0.0,0.09182541072368622,-0.17455032467842102,0.9760038256645203
0.9916423819959164,-0.07994351908564568,0.0,0.15460507571697235,-0.0001695137470960617,0.04082717373967171
0.0014538964023813605,-0.0002593907311165822,0.0,-0.019868221133947372,0.0004205583827570081,0.000187985337106511
-9.110027576753055e-05,-0.0012637799954973161,0.0,-0.02319416031241417,0.0031204537954181433,-5.368566053221002e-05

24.896003305912018,1.0392701253294945,0.0,-0.003260212717577815,-0.00436290493234992,0.0432872399687767
24.156787991523743,0.12253625318408012,0.0,0.001381529844366014,0.004287366755306721,-0.021199975162744522
18.28962117433548,0.6556706503033638,0.0,-0.002562542213127017,0.0010672424687072635,0.03255849704146385
-77.24706530570984,116.0132884979248,0.0,-2.9894511699676514,-9.461119771003723e-05,0.8550481200218201
2.1007148548960686,-0.0666571722831577,0.0,-0.006090177688747644,-0.0025453504640609026,0.009455405175685883
1.62191349240004e-07,-8.654116485928842e-10,0.0,-8.638834536611739e-09,-0.00033483115839771926,-4.0619008156994596e-10
100.10780096054077,50.00777244567871,0.0,-0.00270353932864964,0.001382250222377479,0.7542793154716492
0.01276306138606742,0.0006452232355513843,0.0,-0.018548810854554176,2.738262310231221e-06,-0.00028068479150533676
-0.9156049229204655,-0.46015921980142593,0.0,0.015330296009778976,-0.09029197692871094,0.16362914443016052
-0.00042393508010718506,-0.0008375822289963253,0.0,-0.01950896345078945,0.0002417795913061127,7.737510895822197e-05

23.782435059547424,0.962377991527319,0.0,0.003952813800424337,-0.004955712705850601,0.05155886709690094
24.25386905670166,0.1265131519176066,0.0,0.003335030050948262,0.004428664688020945,-0.02177565172314644
57.53200650215149,-85.77660918235779,0.0,2.7567081451416016,-0.8037189841270447,0.3617849349975586
36.03396415710449,-316.2389278411865,0.0,2.1137404441833496,-0.6250665783882141,-1.2082303762435913
1.7268000362946623e-07,6.959009919964981e-12,0.0,1.6208562669817184e-07,-1.9885211699488536e-08,6.668382751366664e-14
0.008721294580027461,-0.005724222137359902,0.0,-0.019092008471488953,-3.225138698326191e-07,-0.00010641897824825719
0.1168149639852345,0.8353590965270996,0.0,0.014689698815345764,-0.13129854202270508,-0.1946919858455658
0.6082366686314344,-0.156986468937248,0.0,-0.0025707543827593327,0.001007384154945612,0.03920703008770943
1.726171539040422e-07,7.499843628078207e-10,0.0,3.7414207554320456e-07,-1.696765394854083e-08,-9.964241654003558e-10
-10.276363790035248,-4.668529704213142,0.0,-0.03959701955318451,0.01175092626363039,0.30547651648521423

24.222682416439056,0.9931403212249279,0.0,-0.007517202291637659,-0.0016157779609784484,0.04846213012933731
24.156787991523743,0.12253625318408012,0.0,0.001381529844366014,0.004287366755306721,-0.021199975162744522
1.6359905652407747e-07,1.4175325410009654e-10,0.0,4.748372646190546e-07,-3.559587469226244e-08,-5.55677226454776e-10
0.0034064927604049444,0.006293107435340062,0.0,-0.01424463838338852,-0.003254080191254616,-0.0039148470386862755
21.298693120479584,18.700674176216125,0.0,-0.0006130195106379688,0.001141181099228561,0.26267892122268677
1.7267729468528614e-07,1.8103897080053572e-20,0.0,2.821299744937278e-07,3.66263526194806e-15,6.350400867992057e-21
-5.296336859464645,0.907277874648571,0.0,0.1535080373287201,0.002825092524290085,0.4850309193134308
1.7267729468528614e-07,2.8689318644626724e-21,0.0,2.9745808660663897e-07,7.2316640658621e-15,-7.613960249190329e-22
-0.0039222879422595724,0.00022062101834308123,0.0,-0.01648273691534996,-0.0015762470429763198,-0.00016365265764761716
0.1132552744820714,-0.034522751229815185,0.0,-0.006129575427621603,-0.003579055657610297,0.006594743579626083

23.875150084495544,0.9688562713563442,0.0,0.0015357362572103739,-0.004195000510662794,0.05090922489762306
24.25386905670166,0.1265131519176066,0.0,0.003335030050948262,0.004428664688020945,-0.02177565172314644
3.083927184343338,1.521980855613947,0.0,-0.0058165960945189,0.001748547307215631,-0.021351033821702003
23.28393906354904,-1.0964609682559967,0.0,-0.0022642232943326235,0.005416855216026306,0.15175050497055054
-4.67044822871685,6.955865770578384,0.0,-0.10930489748716354,0.025150148198008537,-2.059885025024414
0.8934887126088142,-0.2252519829198718,0.0,-0.0027561266906559467,0.001320934621617198,0.1086236909031868
1.3034181669354439,-0.05166546907275915,0.0,-0.0025622667744755745,0.0010630969190970063,0.01860714703798294
1.7338804836342092e-07,7.546391289636745e-08,0.0,-8.843747423270543e-07,1.0189475999067277e-11,3.9321903955169546e-08
2.4620410054922104,-0.270750280469656,0.0,-0.0006005940958857536,-0.0011386004043743014,-0.09792672097682953
-14.745233952999115,8.367646485567093,0.0,0.14037060737609863,0.010375202633440495,2.9493727684020996

23.71266633272171,0.9575064294040203,0.0,0.0047399988397955894,-0.005178526975214481,0.052013639360666275
24.25386905670166,0.1265131519176066,0.0,0.003335030050948262,0.004428664688020945,-0.02177565172314644
0.552997412160039,0.6356660276651382,0.0,-0.0006007888587191701,0.0010227003367617726,0.038054436445236206
4.37958687543869,3.7792325019836426,0.0,-0.002568776486441493,0.0010282585863023996,0.00345782283693552
1.1975357372406847e-07,-5.561934246500755e-09,0.0,1.0358451163483551e-07,-4.3786574366322384e-08,1.2784030500867516e-09
0.7610733155161142,0.001829087887017522,0.0,-0.0024784996639937162,0.0010146406712010503,0.017687058076262474
-44.00086998939514,53.0376672744751,0.0,-0.02511819265782833,-3.0779082775115967,-0.8518998622894287
16.250547766685486,-0.44340044260025024,0.0,0.009111390449106693,-0.0027035290841013193,0.005151293706148863
-11.993874609470367,29.490384459495544,0.0,-0.16107416152954102,2.67798113822937,-1.152106523513794
0.6442095618695021,0.21244697272777557,0.0,-0.10556231439113617,0.2054726928472519,-0.06550325453281403

22.675760090351105,0.8763141930103302,0.0,0.00505187688395381,-0.0044392431154847145,0.056818582117557526
24.25386905670166,0.1265131519176066,0.0,0.003335030050948262,0.004428664688020945,-0.02177565172314644
8.694905787706375,15.071326494216919,0.0,0.054059967398643494,-0.05758627504110336,2.7941300868988037
-56.392765045166016,34.69692766666412,0.0,-0.33461517095565796,0.36926671862602234,-1.27130925655365
0.019258794782217592,-0.3873374545946717,0.0,-0.0037162345834076405,0.008777515031397343,-0.01949319615960121
0.15660488279536366,0.03994977741967887,0.0,4.561135210678913e-05,-0.0004881281638517976,-0.0018030722858384252
0.0906834495253861,-0.06470702937804163,0.0,0.00014944866416044533,0.0002442989207338542,-0.004240465350449085
-5.585025331100724e-07,-5.371733873688056e-10,0.0,2.5471435947110876e-06,-0.00216639693826437,-3.090327549415406e-09
-27.283352613449097,-62.7971887588501,0.0,-0.7847738265991211,-0.1290866583585739,-1.5529780387878418
144.17986869812012,3.9753757417201996,0.0,-0.138077974319458,-0.011797318235039711,0.5078713297843933

24.385079741477966,1.004358846694231,0.0,-0.008906356990337372,-0.001414342550560832,0.0472572036087513
24.156787991523743,0.12253625318408012,0.0,0.001381529844366014,0.004287366755306721,-0.021199975162744522
143.76999139785767,91.00497364997864,0.0,-0.0028255637735128403,0.0008379023638553917,0.8580256700515747
3.808993101119995,4.264971986413002,0.0,-0.002565964823588729,0.0010667912429198623,-0.0992617979645729
-15034.074401855469,-1981.4903259277344,0.0,-0.9805173277854919,0.7678425908088684,1.215647578239441
1.7267767216111451e-07,-1.7445720974611223e-12,0.0,2.691194254111906e-07,-4.90402340957985e-09,2.4356488302471925e-14
0.4222647752612829,0.3979104571044445,0.0,0.012782211415469646,0.003190915333107114,0.29037973284721375
-0.0065097163314931095,-0.008919100946513936,0.0,-0.023067424073815346,0.003107167314738035,-0.0020694921258836985
-63.12543749809265,100.4262924194336,0.0,-0.12177914381027222,-0.2634831964969635,1.0237340927124023
0.19842982292175293,0.019619181693997234,0.0,0.006838405039161444,-0.003025962505489588,0.007737412117421627

24.872787296772003,1.0376840829849243,0.0,-0.003516724333167076,-0.004210744984447956,0.043467920273542404
