2.85267923027277,20.724262297153473,0.4756790120154619,0.0,-0.0,-2.3236539363861084
-0.24385708384215832,0.008932334458222613,0.4756790120154619,0.0,-0.0,0.0032752843108028173
1.886335201561451,-21.06153517961502,0.4756790120154619,0.0,0.0,-0.28215622901916504
-51.344579458236694,-0.09752283222042024,0.4756790120154619,0.0,-0.0,0.0033513507805764675
-6.49910494685173,-0.007672530773561448,0.4756790120154619,0.0,-0.0,0.0012698440114036202
34.60932374000549,-52.94196605682373,0.4756790120154619,0.0,-0.0,2.1863114833831787
-25.372493267059326,-0.026153394719585776,0.4756790120154619,0.0,-0.0,0.0004970238078385592
-8.086185902357101,-0.0073958006396424025,0.4756790120154619,0.0,-0.0,0.0004519902868196368
-2.775912545621395,-321.2887763977051,0.4756790120154619,0.0,-0.0,1.4194697141647339
-141.9820785522461,1.5049751847982407,0.4756790120154619,0.0,0.0,-0.07040524482727051

8.333812654018402,-16.456860303878784,0.4756790120154619,0.0,0.0,-0.41785329580307007
-0.24385708384215832,0.008932334458222613,0.4756790120154619,0.0,-0.0,0.0032752843108028173
-0.22364109754562378,0.009454658720642328,0.4756790120154619,0.0,-0.0,0.0020230610389262438
-0.39760181680321693,0.009265547123504803,0.4756790120154619,0.0,-0.0,0.003055008826777339
-8.700786530971527,-0.006244366522878408,0.4756790120154619,0.0,-0.0,0.0002773565356619656
25.471916794776917,-16.772566735744476,0.4756790120154619,0.0,-0.0,1.585492730140686
-0.34279003739356995,0.010196267248829827,0.4756790120154619,0.0,-0.0,0.004521518014371395
-146.01792097091675,-0.3249126020818949,0.4756790120154619,0.0,-0.0,0.0032468365970999002
-0.1332324929535389,-0.013367316569201648,0.4756790120154619,0.0,0.0,-0.005704892333596945
-9.669949859380722,-0.0035551100154407322,0.4756790120154619,0.0,-0.0,0.001490810769610107

-0.22364109754562378,0.009454658720642328,0.4756790120154619,0.0,-0.0,0.0020230610389262438
-0.1332324929535389,-0.013367316569201648,0.4756790120154619,0.0,0.0,-0.005704892333596945
-4.382234811782837,-1.5334666159105836e-05,0.4756790120154619,0.0,-0.0,0.0009951300453394651
-0.1405438408255577,0.012870256614405662,0.4756790120154619,0.0,-0.0,0.005704387556761503
-4.439070448279381,-0.0007143861239455873,0.4756790120154619,0.0,-0.0,0.0010334779508411884
0.21531458478420973,0.0014939748325559776,0.4756790120154619,0.0,0.0,-0.00044327741488814354
-6.50893971323967,0.005334709203452803,0.4756790120154619,0.0,-0.0,0.004126973915845156
-0.3563228528946638,0.001499114205216756,0.4756790120154619,0.0,-0.0,0.0008546523749828339
-363.0708932876587,4.868581146001816,0.4756790120154619,0.0,-0.0,2.003657341003418
-0.23896819911897182,-0.0011340659511915874,0.4756790120154619,0.0,0.0,-0.0017723573837429285

-0.1332324929535389,-0.013367316569201648,0.4756790120154619,0.0,0.0,-0.005704892333596945
0.21531458478420973,0.0014939748325559776,0.4756790120154619,0.0,0.0,-0.00044327741488814354
-145.7095742225647,2.0677413791418076,0.4756790120154619,0.0,0.0,-0.10104965418577194
6.339798867702484,-0.061233644373714924,0.4756790120154619,0.0,-0.0,0.00015565795183647424
-0.20659067668020725,6.998619994647015e-06,0.4756790120154619,0.0,0.0,-2.529628727643285e-05
-4.972434788942337,-0.0024534860131097957,0.4756790120154619,0.0,0.0,-0.0006963946507312357
77.37610340118408,-0.170471693854779,0.4756790120154619,0.0,0.0,-0.015235108323395252
0.21531458478420973,0.0014939748325559776,0.4756790120154619,0.0,0.0,-0.00044327741488814354
-0.3187284339219332,-0.0028268785172258504,0.4756790120154619,0.0,0.0,-0.0011958921095356345
-0.0573222991079092,-0.004557204738375731,0.4756790120154619,0.0,0.0,-0.0014261406613513827

0.21531458478420973,0.0014939748325559776,0.4756790120154619,0.0,0.0,-0.00044327741488814354
0.21531458478420973,0.0014939748325559776,0.4756790120154619,0.0,0.0,-0.00044327741488814354
-0.18575286958366632,0.001137416620622389,0.4756790120154619,0.0,-0.0,0.0003777428064495325
-0.10438080644235015,0.013459369074553251,0.4756790120154619,0.0,-0.0,0.002882760250940919
7.0363156497478485,-0.1087734941393137,0.4756790120154619,0.0,0.0,-0.007902523502707481
-8.005128055810928,-0.009524137567495927,0.4756790120154619,0.0,-0.0,0.0016308280173689127
-0.2838651416823268,0.0030668481485918164,0.4756790120154619,0.0,-0.0,0.0005973461084067822
-26.068809628486633,-458.1631660461426,0.4756790120154619,0.0,0.0,-0.7857849597930908
-0.011755801824619994,0.0014630989426223096,0.4756790120154619,0.0,-0.0,0.00044773187255486846
0.35520296078175306,1.8694527170737274e-05,0.4756790120154619,0.0,0.0,-0.0002018001105170697

0.21531458478420973,0.0014939748325559776,0.4756790120154619,0.0,0.0,-0.00044327741488814354
0.35520296078175306,1.8694527170737274e-05,0.4756790120154619,0.0,0.0,-0.0002018001105170697
-461.79304122924805,-666.3109302520752,0.4756790120154619,0.0,-0.0,2.66843581199646
0.21531458478420973,0.0014939748325559776,0.4756790120154619,0.0,0.0,-0.00044327741488814354
37.783145904541016,-131.05945587158203,0.4756790120154619,0.0,-0.0,1.5278278589248657
4.938045144081116,1.830151118338108,0.4756790120154619,0.0,-0.0,0.8644701242446899
-0.13295006938278675,0.004495379835134372,0.4756790120154619,0.0,-0.0,0.0013833427801728249
0.5469021387398243,0.0015309624359360896,0.4756790120154619,0.0,-0.0,0.0002916042285505682
0.35520296078175306,1.8694527170737274e-05,0.4756790120154619,0.0,0.0,-0.0002018001105170697
-0.11183815076947212,-0.0002236361069662962,0.4756790120154619,0.0,0.0,-0.000148334278492257

0.35520296078175306,1.8694527170737274e-05,0.4756790120154619,0.0,0.0,-0.0002018001105170697
0.5469021387398243,0.0015309624359360896,0.4756790120154619,0.0,-0.0,0.0002916042285505682
0.35520296078175306,1.8694527170737274e-05,0.4756790120154619,0.0,0.0,-0.0002018001105170697
0.030994604458101094,-0.0012009926649625413,0.4756790120154619,0.0,0.0,-0.00044723955215886235
0.21531458478420973,0.0014939748325559776,0.4756790120154619,0.0,0.0,-0.00044327741488814354
-10.08765920996666,-0.0036432291381061077,0.4756790120154619,0.0,-0.0,0.0011567334877327085
-304.13506031036377,-4.034963622689247,0.4756790120154619,0.0,0.0,-1.0524115562438965
0.5469021387398243,0.0015309624359360896,0.4756790120154619,0.0,-0.0,0.0002916042285505682
39.37749266624451,11.481115967035294,0.4756790120154619,0.0,0.0,-0.16749320924282074
0.21531458478420973,0.0014939748325559776,0.4756790120154619,0.0,0.0,-0.00044327741488814354

0.5469021387398243,0.0015309624359360896,0.4756790120154619,0.0,-0.0,0.0002916042285505682
0.5469021387398243,0.0015309624359360896,0.4756790120154619,0.0,-0.0,0.0002916042285505682
33.4387481212616,-0.2126470673829317,0.4756790120154619,0.0,0.0,-0.11926016956567764
-0.16338969580829144,0.0009590738955012057,0.4756790120154619,0.0,-0.0,0.000699551950674504
0.35520296078175306,1.8694527170737274e-05,0.4756790120154619,0.0,0.0,-0.0002018001105170697
0.5735619459301233,-4.1177793264068896e-05,0.4756790120154619,0.0,-0.0,0.00015231466386467218
1.6506305655639153e-05,1.0587097865055739e-07,0.4756790120154619,0.0,0.0,-3.722598184568993e-12
1.7267729468528614e-07,0.0,0.4756790120154619,0.0,-0.0,0.0
0.5735619459301233,-4.1177793264068896e-05,0.4756790120154619,0.0,-0.0,0.00015231466386467218
0.5469021387398243,0.0015309624359360896,0.4756790120154619,0.0,-0.0,0.0002916042285505682

0.5735619459301233,-4.1177793264068896e-05,0.4756790120154619,0.0,-0.0,0.00015231466386467218
1.7267729468528614e-07,0.0,0.4756790120154619,0.0,-0.0,0.0
0.5469021387398243,0.0015309624359360896,0.4756790120154619,0.0,-0.0,0.0002916042285505682
0.5735619459301233,-4.1177793264068896e-05,0.4756790120154619,0.0,-0.0,0.00015231466386467218
0.5735619459301233,-4.1177793264068896e-05,0.4756790120154619,0.0,-0.0,0.00015231466386467218
45.021721720695496,0.1850330736488104,0.4756790120154619,0.0,0.0,-0.2614836096763611
0.5735619459301233,-4.1177793264068896e-05,0.4756790120154619,0.0,-0.0,0.00015231466386467218
2633.1192016601562,-370.1734781265259,0.4756790120154619,0.0,0.0,-0.2286953181028366
1.9389759131627216e-06,6.982503464314505e-08,0.4756790120154619,0.0,0.0,-5.540978700174781e-12
1.6506305655639153e-05,1.0587097865055739e-07,0.4756790120154619,0.0,0.0,-3.722598184568993e-12

0.5735619459301233,-4.1177793264068896e-05,0.4756790120154619,0.0,-0.0,0.00015231466386467218
1.7267729468528614e-07,0.0,0.4756790120154619,0.0,-0.0,0.0
0.5735619459301233,-4.1177793264068896e-05,0.4756790120154619,0.0,-0.0,0.00015231466386467218
0.5735619459301233,-4.1177793264068896e-05,0.4756790120154619,0.0,-0.0,0.00015231466386467218
1.9389759131627216e-06,6.982503464314505e-08,0.4756790120154619,0.0,0.0,-5.540978700174781e-12
344.3436861038208,-494.6427822113037,0.4756790120154619,0.0,-0.0,2.5170974731445312
1.7267729468528614e-07,0.0,0.4756790120154619,0.0,-0.0,0.0
0.5735619459301233,-4.1177793264068896e-05,0.4756790120154619,0.0,-0.0,0.00015231466386467218
39.4555389881134,11.66953295469284,0.4756790120154619,0.0,0.0,-0.1573786586523056
-0.01503060047980398,2.4213604454814686e-07,0.4756790120154619,0.0,-0.0,5.060788593747034e-12

1.7267729468528614e-07,0.0,0.4756790120154619,0.0,-0.0,0.0
1.7267729468528614e-07,0.0,0.4756790120154619,0.0,-0.0,0.0
-0.06246963166631758,-0.00024988758013932966,0.4756790120154619,0.0,-0.0,0.00026828746194951236
5375.5859375,-1609.352684020996,0.4756790120154619,0.0,0.0,-0.31242114305496216
1.7267729468528614e-07,0.0,0.4756790120154619,0.0,-0.0,0.0
1765.1374816894531,-65.83927869796753,0.4756790120154619,0.0,-0.0,0.035988371819257736
-7.444876432418823,7.435797154903412,0.4756790120154619,0.0,0.0,-0.5797545909881592
-0.018210276903118938,-6.993817192046947e-08,0.4756790120154619,0.0,-0.0,6.024378912394823e-11
-40.23415148258209,-0.04512525047175586,0.4756790120154619,0.0,0.0,-0.002062091836705804
-6.6858090460300446,-0.00405154460167978,0.4756790120154619,0.0,-0.0,0.0004319564322941005

1.7267729468528614e-07,0.0,0.4756790120154619,0.0,-0.0,0.0
1.7267729468528614e-07,0.0,0.4756790120154619,0.0,-0.0,0.0
1.7267729468528614e-07,0.0,0.4756790120154619,0.0,-0.0,0.0
16.94648265838623,-0.08734024595469236,0.4756790120154619,0.0,0.0,-0.19143593311309814
1.7267729468528614e-07,0.0,0.4756790120154619,0.0,-0.0,0.0
1.7267729468528614e-07,0.0,0.4756790120154619,0.0,-0.0,0.0
-8.285164833068848,-0.007357577851507813,0.4756790120154619,0.0,-0.0,0.0009428069461137056
-49.78032410144806,-0.03614657616708428,0.4756790120154619,0.0,0.0,-2.258021049783565e-05
1.7267729468528614e-07,0.0,0.4756790120154619,0.0,-0.0,0.0
-128.64564657211304,307.9139471054077,0.4756790120154619,0.0,-0.0,2.109748601913452

1.7267729468528614e-07,0.0,0.4756790120154619,0.0,-0.0,0.0
1.7267729468528614e-07,0.0,0.4756790120154619,0.0,-0.0,0.0
1.7267729468528614e-07,0.0,0.4756790120154619,0.0,-0.0,0.0
1.7267729468528614e-07,0.0,0.4756790120154619,0.0,-0.0,0.0
-128.64564657211304,307.9139471054077,0.4756790120154619,0.0,-0.0,2.109748601913452
1.7267729468528614e-07,0.0,0.4756790120154619,0.0,-0.0,0.0
10.700662434101105,-8.622229844331741,0.4756790120154619,0.0,-0.0,-2.6690707206726074
1.7267729468528614e-07,0.0,0.4756790120154619,0.0,-0.0,0.0
1.7267729468528614e-07,0.0,0.4756790120154619,0.0,-0.0,0.0
1.7267729468528614e-07,0.0,0.4756790120154619,0.0,-0.0,0.0

1.7267729468528614e-07,0.0,0.4756790120154619,0.0,-0.0,0.0
1.7267729468528614e-07,0.0,0.4756790120154619,0.0,-0.0,0.0
1.7267729468528614e-07,0.0,0.4756790120154619,0.0,-0.0,0.0
1.7267729468528614e-07,0.0,0.4756790120154619,0.0,-0.0,0.0
1.7267729468528614e-07,0.0,0.4756790120154619,0.0,-0.0,0.0
1.7267729468528614e-07,0.0,0.4756790120154619,0.0,-0.0,0.0
1356.493091583252,325.3082275390625,0.4756790120154619,0.0,-0.0,0.3738233149051666
1.7267729468528614e-07,0.0,0.4756790120154619,0.0,-0.0,0.0
1.7267729468528614e-07,0.0,0.4756790120154619,0.0,-0.0,0.0
-104.7398328781128,-128.95028591156006,0.4756790120154619,0.0,-0.0,0.7331925630569458

1.7267729468528614e-07,0.0,0.4756790120154619,0.0,-0.0,0.0
1.7267729468528614e-07,0.0,0.4756790120154619,0.0,-0.0,0.0
-1.7395677044987679,0.24189890827983618,0.4756790120154619,0.0,0.0,-9.563736239215359e-05
26.770120859146118,14.281854033470154,0.4756790120154619,0.0,0.0,-2.3650712966918945
1.7267729468528614e-07,0.0,0.4756790120154619,0.0,-0.0,0.0
1.7267729468528614e-07,0.0,0.4756790120154619,0.0,-0.0,0.0
1.7267729468528614e-07,0.0,0.4756790120154619,0.0,-0.0,0.0
1.7267729468528614e-07,0.0,0.4756790120154619,0.0,-0.0,0.0
1.7267729468528614e-07,0.0,0.4756790120154619,0.0,-0.0,0.0
1.7267729468528614e-07,0.0,0.4756790120154619,0.0,-0.0,0.0

1.7267729468528614e-07,0.0,0.4756790120154619,0.0,-0.0,0.0
1.7267729468528614e-07,0.0,0.4756790120154619,0.0,-0.0,0.0
1.7267729468528614e-07,0.0,0.4756790120154619,0.0,-0.0,0.0
1.7267729468528614e-07,0.0,0.4756790120154619,0.0,-0.0,0.0
1.7267729468528614e-07,0.0,0.4756790120154619,0.0,-0.0,0.0
1.7267729468528614e-07,0.0,0.4756790120154619,0.0,-0.0,0.0
1.7267729468528614e-07,0.0,0.4756790120154619,0.0,-0.0,0.0
1.7267729468528614e-07,0.0,0.4756790120154619,0.0,-0.0,0.0
-0.3126585856080055,0.0005510951268661302,0.4756790120154619,0.0,-0.0,0.0009018835844472051
51.459312438964844,0.5302459001541138,0.4756790120154619,0.0,0.0,-0.6710295081138611

1.7267729468528614e-07,0.0,0.4756790120154619,0.0,-0.0,0.0
1.7267729468528614e-07,0.0,0.4756790120154619,0.0,-0.0,0.0
1.7267729468528614e-07,0.0,0.4756790120154619,0.0,-0.0,0.0
1.7267729468528614e-07,0.0,0.4756790120154619,0.0,-0.0,0.0
1.7267729468528614e-07,0.0,0.4756790120154619,0.0,-0.0,0.0
-272.19252586364746,-5.701771005988121,0.4756790120154619,0.0,-0.0,0.02504521608352661
1.7267729468528614e-07,0.0,0.4756790120154619,0.0,-0.0,0.0
1.7267729468528614e-07,0.0,0.4756790120154619,0.0,-0.0,0.0
1.7267729468528614e-07,0.0,0.4756790120154619,0.0,-0.0,0.0
1.7267729468528614e-07,0.0,0.4756790120154619,0.0,-0.0,0.0

1.7267729468528614e-07,0.0,0.4756790120154619,0.0,-0.0,0.0
1.7267729468528614e-07,0.0,0.4756790120154619,0.0,-0.0,0.0
1.7267729468528614e-07,0.0,0.4756790120154619,0.0,-0.0,0.0
3897867.96875,-24684.65576171875,0.4756790120154619,0.0,-0.0,0.34194254875183105
1.7267729468528614e-07,0.0,0.4756790120154619,0.0,-0.0,0.0
1.7267729468528614e-07,0.0,0.4756790120154619,0.0,-0.0,0.0
-11.585507541894913,-0.004940713552059606,0.4756790120154619,0.0,-0.0,0.0009685585973784328
1.7267729468528614e-07,0.0,0.4756790120154619,0.0,-0.0,0.0
1.7267729468528614e-07,0.0,0.4756790120154619,0.0,-0.0,0.0
1.7267729468528614e-07,0.0,0.4756790120154619,0.0,-0.0,0.0

1.7267729468528614e-07,0.0,0.4756790120154619,0.0,-0.0,0.0
1.7267729468528614e-07,0.0,0.4756790120154619,0.0,-0.0,0.0
1.7267729468528614e-07,0.0,0.4756790120154619,0.0,-0.0,0.0
-110.92435121536255,-10.435222089290619,0.4756790120154619,0.0,-0.0,3.1396892070770264
-522.6008415222168,-621.4915752410889,0.4756790120154619,0.0,-0.0,-2.6823127269744873
-0.0030246445021475665,0.0009148739991360344,0.4756790120154619,0.0,-0.0,0.0006415831740014255
1.7267729468528614e-07,0.0,0.4756790120154619,0.0,-0.0,0.0
1.7267729468528614e-07,0.0,0.4756790120154619,0.0,-0.0,0.0
49836778.125,-20785.108947753906,0.4756790120154619,0.0,-0.0,0.029026944190263748
290.0554418563843,-581.1423778533936,0.4756790120154619,0.0,-0.0,2.9138686656951904

1.7267729468528614e-07,0.0,0.4756790120154619,0.0,-0.0,0.0
1.7267729468528614e-07,0.0,0.4756790120154619,0.0,-0.0,0.0
-523.6283302307129,-622.0002174377441,0.4756790120154619,0.0,-0.0,-2.6823904514312744
1.7267729468528614e-07,0.0,0.4756790120154619,0.0,-0.0,0.0
-15.508125722408295,-4.440486431121826,0.4756790120154619,0.0,-0.0,0.0002621086605358869
1.7267729468528614e-07,0.0,0.4756790120154619,0.0,-0.0,0.0
1.7267729468528614e-07,0.0,0.4756790120154619,0.0,-0.0,0.0
1.7267729468528614e-07,0.0,0.4756790120154619,0.0,-0.0,0.0
1.7267729468528614e-07,0.0,0.4756790120154619,0.0,-0.0,0.0
1.7267729468528614e-07,0.0,0.4756790120154619,0.0,-0.0,0.0

1.7267729468528614e-07,0.0,0.4756790120154619,0.0,-0.0,0.0
1.7267729468528614e-07,0.0,0.4756790120154619,0.0,-0.0,0.0
1.7267729468528614e-07,0.0,0.4756790120154619,0.0,-0.0,0.0
1.7267729468528614e-07,0.0,0.4756790120154619,0.0,-0.0,0.0
1.7267729468528614e-07,0.0,0.4756790120154619,0.0,-0.0,0.0
1.7267729468528614e-07,0.0,0.4756790120154619,0.0,-0.0,0.0
-132.52151012420654,98.4292984008789,0.4756790120154619,0.0,0.0,-0.4376131594181061
1.7267729468528614e-07,0.0,0.4756790120154619,0.0,-0.0,0.0
-126.69006586074829,182.03030824661255,0.4756790120154619,0.0,0.0,-1.3526198863983154
1.7267729468528614e-07,0.0,0.4756790120154619,0.0,-0.0,0.0

1.7267729468528614e-07,0.0,0.4756790120154619,0.0,-0.0,0.0
1.7267729468528614e-07,0.0,0.4756790120154619,0.0,-0.0,0.0
1.7267729468528614e-07,0.0,0.4756790120154619,0.0,-0.0,0.0
1.7267729468528614e-07,0.0,0.4756790120154619,0.0,-0.0,0.0
1.7267729468528614e-07,0.0,0.4756790120154619,0.0,-0.0,0.0
1.7267729468528614e-07,0.0,0.4756790120154619,0.0,-0.0,0.0
8769.873809814453,42.66958832740784,0.4756790120154619,0.0,-0.0,-3.128113269805908
1.7267729468528614e-07,0.0,0.4756790120154619,0.0,-0.0,0.0
14250.750732421875,-10320.431518554688,0.4756790120154619,0.0,-0.0,1.6176509857177734
1.7267729468528614e-07,0.0,0.4756790120154619,0.0,-0.0,0.0

1.7267729468528614e-07,0.0,0.4756790120154619,0.0,-0.0,0.0
1.7267729468528614e-07,0.0,0.4756790120154619,0.0,-0.0,0.0
1.7267729468528614e-07,0.0,0.4756790120154619,0.0,-0.0,0.0
-9.209446609020233,133.60334634780884,0.4756790120154619,0.0,0.0,-1.521443486213684
1.7267729468528614e-07,0.0,0.4756790120154619,0.0,-0.0,0.0
1.7267729468528614e-07,0.0,0.4756790120154619,0.0,-0.0,0.0
1.7267729468528614e-07,0.0,0.4756790120154619,0.0,-0.0,0.0
-8.705457299947739,-0.007623966666869819,0.4756790120154619,0.0,-0.0,0.0003206191468052566
1.7267729468528614e-07,0.0,0.4756790120154619,0.0,-0.0,0.0
1.7267729468528614e-07,0.0,0.4756790120154619,0.0,-0.0,0.0

1.7267729468528614e-07,0.0,0.4756790120154619,0.0,-0.0,0.0
1.7267729468528614e-07,0.0,0.4756790120154619,0.0,-0.0,0.0
1.7267729468528614e-07,0.0,0.4756790120154619,0.0,-0.0,0.0
1.7267729468528614e-07,0.0,0.4756790120154619,0.0,-0.0,0.0
1.7267729468528614e-07,0.0,0.4756790120154619,0.0,-0.0,0.0
-35.71418821811676,-0.04771446401719004,0.4756790120154619,0.0,0.0,-0.0005360880168154836
1.7267729468528614e-07,0.0,0.4756790120154619,0.0,-0.0,0.0
-206.5828561782837,0.07480871281586587,0.4756790120154619,0.0,0.0,-0.0046513620764017105
1.7267729468528614e-07,0.0,0.4756790120154619,0.0,-0.0,0.0
1.7267729468528614e-07,0.0,0.4756790120154619,0.0,-0.0,0.0

1.7267729468528614e-07,0.0,0.4756790120154619,0.0,-0.0,0.0
1.7267729468528614e-07,0.0,0.4756790120154619,0.0,-0.0,0.0
1.7267729468528614e-07,0.0,0.4756790120154619,0.0,-0.0,0.0
4.767836969676864e-05,-7.641178356720957e-07,0.4756790120154619,0.0,0.0,-6.989861844886036e-08
-0.33774091862142086,0.3996424376964569,0.4756790120154619,0.0,0.0,-0.001093936269171536
1.7267729468528614e-07,0.0,0.4756790120154619,0.0,-0.0,0.0
-0.0015639010598533787,0.0003111210389761254,0.4756790120154619,0.0,-0.0,0.00020387009135447443
1.7267729468528614e-07,0.0,0.4756790120154619,0.0,-0.0,0.0
1.7267729468528614e-07,0.0,0.4756790120154619,0.0,-0.0,0.0
1.7267729468528614e-07,0.0,0.4756790120154619,0.0,-0.0,0.0

1.7267729468528614e-07,0.0,0.4756790120154619,0.0,-0.0,0.0
1.7267729468528614e-07,0.0,0.4756790120154619,0.0,-0.0,0.0
1.7267729468528614e-07,0.0,0.4756790120154619,0.0,-0.0,0.0
-7.621921598911285,-0.009731097816256806,0.4756790120154619,0.0,-0.0,0.0006418172270059586
1.7267729468528614e-07,0.0,0.4756790120154619,0.0,-0.0,0.0
1.7267729468528614e-07,0.0,0.4756790120154619,0.0,-0.0,0.0
1.7267729468528614e-07,0.0,0.4756790120154619,0.0,-0.0,0.0
1.7267729468528614e-07,0.0,0.4756790120154619,0.0,-0.0,0.0
1.7267729468528614e-07,0.0,0.4756790120154619,0.0,-0.0,0.0
1.7267729468528614e-07,0.0,0.4756790120154619,0.0,-0.0,0.0

1.7267729468528614e-07,0.0,0.4756790120154619,0.0,-0.0,0.0
1.7267729468528614e-07,0.0,0.4756790120154619,0.0,-0.0,0.0
1.5251044871433805e-06,1.88925710631338e-06,0.4756790120154619,0.0,-0.0,6.657770512674688e-08
1.7267729468528614e-07,0.0,0.4756790120154619,0.0,-0.0,0.0
-9.986328333616257,-0.013216146908234805,0.4756790120154619,0.0,0.0,-0.0005394244799390435
1.7267729468528614e-07,0.0,0.4756790120154619,0.0,-0.0,0.0
-118.80862712860107,8.518948405981064,0.4756790120154619,0.0,-0.0,1.688234567642212
1.7267729468528614e-07,0.0,0.4756790120154619,0.0,-0.0,0.0
-112.88647651672363,0.1577237038873136,0.4756790120154619,0.0,0.0,-0.007103915326297283
1.7267729468528614e-07,0.0,0.4756790120154619,0.0,-0.0,0.0

1.7267729468528614e-07,0.0,0.4756790120154619,0.0,-0.0,0.0
1.7267729468528614e-07,0.0,0.4756790120154619,0.0,-0.0,0.0
1.7267729468528614e-07,0.0,0.4756790120154619,0.0,-0.0,0.0
0.03452777164056897,-0.002077478711726144,0.4756790120154619,0.0,0.0,-0.0009806746384128928
1.7267729468528614e-07,0.0,0.4756790120154619,0.0,-0.0,0.0
-37.24292516708374,-68.80759596824646,0.4756790120154619,0.0,0.0,-1.1615641117095947
-44.86105442047119,-0.05876228678971529,0.4756790120154619,0.0,-0.0,8.238369628088549e-05
6.864655017852783,0.001809984678402543,0.4756790120154619,0.0,0.0,-0.002312780823558569
1.7267729468528614e-07,0.0,0.4756790120154619,0.0,-0.0,0.0
1.7267729468528614e-07,0.0,0.4756790120154619,0.0,-0.0,0.0

1.7267729468528614e-07,0.0,0.4756790120154619,0.0,-0.0,0.0
1.7267729468528614e-07,0.0,0.4756790120154619,0.0,-0.0,0.0
1.7267729468528614e-07,0.0,0.4756790120154619,0.0,-0.0,0.0
1.7267729468528614e-07,0.0,0.4756790120154619,0.0,-0.0,0.0
1.7267729468528614e-07,0.0,0.4756790120154619,0.0,-0.0,0.0
-0.1060480484738946,-0.0015145646102610044,0.4756790120154619,0.0,0.0,-0.0010800600284710526
-165.44952392578125,3.692910075187683,0.4756790120154619,0.0,0.0,-0.19957157969474792
-168.51996183395386,-88.63865733146667,0.4756790120154619,0.0,0.0,-0.9708501696586609
1.7267729468528614e-07,0.0,0.4756790120154619,0.0,-0.0,0.0
-6.140981987118721,-0.01551799796288833,0.4756790120154619,0.0,0.0,-0.0013802936300635338

1.7267729468528614e-07,0.0,0.4756790120154619,0.0,-0.0,0.0
1.7267729468528614e-07,0.0,0.4756790120154619,0.0,-0.0,0.0
1.7267729468528614e-07,0.0,0.4756790120154619,0.0,-0.0,0.0
-0.003060434028157033,0.0022271447960520163,0.4756790120154619,0.0,-0.0,0.0006506232311949134
1.7267729468528614e-07,0.0,0.4756790120154619,0.0,-0.0,0.0
-5.152616649866104,-3.4400198608636856,0.4756790120154619,0.0,-0.0,0.17572669684886932
-0.0036028362956130877,-0.0011564655324036721,0.4756790120154619,0.0,-0.0,0.0003624337841756642
1.7267729468528614e-07,0.0,0.4756790120154619,0.0,-0.0,0.0
-10.630915313959122,-5.55524006485939,0.4756790120154619,0.0,-0.0,0.9559788703918457
-4.845229163765907,-0.002379214856773615,0.4756790120154619,0.0,-0.0,0.002781965769827366

1.7267729468528614e-07,0.0,0.4756790120154619,0.0,-0.0,0.0
1.7267729468528614e-07,0.0,0.4756790120154619,0.0,-0.0,0.0
1254.9635887145996,-247.4238157272339,0.4756790120154619,0.0,0.0,-0.2733140289783478
0.0003037908072656137,-5.5547485544593656e-05,0.4756790120154619,0.0,0.0,-4.090130460099317e-06
-63.15787434577942,105.24934530258179,0.4756790120154619,0.0,-0.0,-1.3119078874588013
1.7267729468528614e-07,0.0,0.4756790120154619,0.0,-0.0,0.0
1.7267729468528614e-07,0.0,0.4756790120154619,0.0,-0.0,0.0
1.7267729468528614e-07,0.0,0.4756790120154619,0.0,-0.0,0.0
1148.8884925842285,-9.359835088253021,0.4756790120154619,0.0,0.0,-0.001561434823088348
1.7267729468528614e-07,0.0,0.4756790120154619,0.0,-0.0,0.0

1.7267729468528614e-07,0.0,0.4756790120154619,0.0,-0.0,0.0
1.7267729468528614e-07,0.0,0.4756790120154619,0.0,-0.0,0.0
672.5344657897949,-804.0615081787109,0.4756790120154619,0.0,0.0,-0.8290469646453857
1.7267729468528614e-07,0.0,0.4756790120154619,0.0,-0.0,0.0
-0.0031464467610931024,0.002320516432519071,0.4756790120154619,0.0,-0.0,0.0006727307918481529
1178.7766456604004,-8.359263837337494,0.4756790120154619,0.0,0.0,-0.002182980068027973
1.7267729468528614e-07,0.0,0.4756790120154619,0.0,-0.0,0.0
1.7267729468528614e-07,0.0,0.4756790120154619,0.0,-0.0,0.0
1.7267729468528614e-07,0.0,0.4756790120154619,0.0,-0.0,0.0
-0.0016882524505490437,0.001181152583740186,0.4756790120154619,0.0,-0.0,0.0003637346962932497

1.7267729468528614e-07,0.0,0.4756790120154619,0.0,-0.0,0.0
1.7267729468528614e-07,0.0,0.4756790120154619,0.0,-0.0,0.0
1.7267729468528614e-07,0.0,0.4756790120154619,0.0,-0.0,0.0
-1.1096425354480743,1.7570331692695618,0.4756790120154619,0.0,0.0,-0.25301656126976013
79.66809272766113,-60.41271686553955,0.4756790120154619,0.0,-0.0,0.9019452929496765
1.7267729468528614e-07,0.0,0.4756790120154619,0.0,-0.0,0.0
1.7267729468528614e-07,0.0,0.4756790120154619,0.0,-0.0,0.0
104.03251647949219,31.546026468276978,0.4756790120154619,0.0,-0.0,0.2551485002040863
1.7267729468528614e-07,0.0,0.4756790120154619,0.0,-0.0,0.0
-1166.4870262145996,3.048967942595482,0.4756790120154619,0.0,-0.0,2.6158721446990967

1.7267729468528614e-07,0.0,0.4756790120154619,0.0,-0.0,0.0
1.7267729468528614e-07,0.0,0.4756790120154619,0.0,-0.0,0.0
-9.690117835998535,-4.554658383131027,0.4756790120154619,0.0,0.0,-0.013486099429428577
1.7267729468528614e-07,0.0,0.4756790120154619,0.0,-0.0,0.0
1.7267729468528614e-07,0.0,0.4756790120154619,0.0,-0.0,0.0
-0.0011394329703762196,8.423568687021543e-06,0.4756790120154619,0.0,-0.0,3.6151268645312484e-09
1.7267729468528614e-07,0.0,0.4756790120154619,0.0,-0.0,0.0
1.7267729468528614e-07,0.0,0.4756790120154619,0.0,-0.0,0.0
1.7267729468528614e-07,0.0,0.4756790120154619,0.0,-0.0,0.0
-57106.866455078125,5576.781463623047,0.4756790120154619,0.0,-0.0,0.0004618745588231832

1.7267729468528614e-07,0.0,0.4756790120154619,0.0,-0.0,0.0
1.7267729468528614e-07,0.0,0.4756790120154619,0.0,-0.0,0.0
-9.690117835998535,-4.554658383131027,0.4756790120154619,0.0,0.0,-0.013486099429428577
1.7267729468528614e-07,0.0,0.4756790120154619,0.0,-0.0,0.0
1.7267729468528614e-07,0.0,0.4756790120154619,0.0,-0.0,0.0
1.7267729468528614e-07,0.0,0.4756790120154619,0.0,-0.0,0.0
1.7267729468528614e-07,0.0,0.4756790120154619,0.0,-0.0,0.0
1.7267729468528614e-07,0.0,0.4756790120154619,0.0,-0.0,0.0
1.7267729468528614e-07,0.0,0.4756790120154619,0.0,-0.0,0.0
1.7267729468528614e-07,0.0,0.4756790120154619,0.0,-0.0,0.0

1.7267729468528614e-07,0.0,0.4756790120154619,0.0,-0.0,0.0
1.7267729468528614e-07,0.0,0.4756790120154619,0.0,-0.0,0.0
1.7267729468528614e-07,0.0,0.4756790120154619,0.0,-0.0,0.0
1.7267729468528614e-07,0.0,0.4756790120154619,0.0,-0.0,0.0
-10.169129073619843,-0.790989026427269,0.4756790120154619,0.0,0.0,-0.007863971404731274
1.7267729468528614e-07,0.0,0.4756790120154619,0.0,-0.0,0.0
1.7267729468528614e-07,0.0,0.4756790120154619,0.0,-0.0,0.0
-0.05624332698062062,-0.049058336298912764,0.4756790120154619,0.0,-0.0,6.327915798465256e-06
1.7267729468528614e-07,0.0,0.4756790120154619,0.0,-0.0,0.0
-0.0020363397197797894,1.8243994759359339e-06,0.4756790120154619,0.0,0.0,-8.269126702820095e-12

1.7267729468528614e-07,0.0,0.4756790120154619,0.0,-0.0,0.0
1.7267729468528614e-07,0.0,0.4756790120154619,0.0,-0.0,0.0
1.7267729468528614e-07,0.0,0.4756790120154619,0.0,-0.0,0.0
-17.765867710113525,45.780256390571594,0.4756790120154619,0.0,-0.0,0.8508550524711609
52.86629796028137,191.08697175979614,0.4756790120154619,0.0,0.0,-0.1738782823085785
1.7267729468528614e-07,0.0,0.4756790120154619,0.0,-0.0,0.0
1.7267729468528614e-07,0.0,0.4756790120154619,0.0,-0.0,0.0
-0.012323196278885007,2.1521396220691713e-06,0.4756790120154619,0.0,0.0,-1.0019520629844791e-10
1.7267729468528614e-07,0.0,0.4756790120154619,0.0,-0.0,0.0
-86.91429495811462,22.607453167438507,0.4756790120154619,0.0,-0.0,0.06604436784982681

1.7267729468528614e-07,0.0,0.4756790120154619,0.0,-0.0,0.0
1.7267729468528614e-07,0.0,0.4756790120154619,0.0,-0.0,0.0
155.33876419067383,52.23722457885742,0.4756790120154619,0.0,-0.0,0.1725107878446579
1.7267729468528614e-07,0.0,0.4756790120154619,0.0,-0.0,0.0
-0.0020361894712550566,1.2115351388786166e-06,0.4756790120154619,0.0,0.0,-6.53551657237017e-11
1.7267736129866762e-07,6.923804862779548e-08,0.4756790120154619,0.0,0.0,-6.283279452290458e-12
-2.1629516035318375,143.80395412445068,0.4756790120154619,0.0,0.0,-1.3372342586517334
1.7267729468528614e-07,0.0,0.4756790120154619,0.0,-0.0,0.0
-0.12648515403270721,0.011749029363272712,0.4756790120154619,0.0,-0.0,0.0021210680715739727
1.7267729468528614e-07,0.0,0.4756790120154619,0.0,-0.0,0.0

1.7267729468528614e-07,0.0,0.4756790120154619,0.0,-0.0,0.0
1.7267729468528614e-07,0.0,0.4756790120154619,0.0,-0.0,0.0
1.7267729468528614e-07,0.0,0.4756790120154619,0.0,-0.0,0.0
1.7267729468528614e-07,0.0,0.4756790120154619,0.0,-0.0,0.0
1.7267729468528614e-07,0.0,0.4756790120154619,0.0,-0.0,0.0
1.7267729468528614e-07,0.0,0.4756790120154619,0.0,-0.0,0.0
-1.729035914443955e-07,7.446469552085944e-08,0.4756790120154619,0.0,-0.0,5.324007013030041e-09
-9.326367825269699,-15.08115530014038,0.4756790120154619,0.0,-0.0,2.9181768894195557
-1.7707094679408897e-07,8.842427345889803e-08,0.4756790120154619,0.0,0.0,-2.1903856506355623e-08
1.7267729468528614e-07,0.0,0.4756790120154619,0.0,-0.0,0.0

1.7267729468528614e-07,0.0,0.4756790120154619,0.0,-0.0,0.0
1.7267729468528614e-07,0.0,0.4756790120154619,0.0,-0.0,0.0
-0.002206253157055471,-2.5370173517558214e-06,0.4756790120154619,0.0,0.0,-2.7012947434457146e-09
-336.8333339691162,-15.626050531864166,0.4756790120154619,0.0,0.0,-0.854580283164978
1.7267729468528614e-07,0.0,0.4756790120154619,0.0,-0.0,0.0
1.7267729468528614e-07,0.0,0.4756790120154619,0.0,-0.0,0.0
1.7267729468528614e-07,0.0,0.4756790120154619,0.0,-0.0,0.0
1.7267729468528614e-07,0.0,0.4756790120154619,0.0,-0.0,0.0
1.7267729468528614e-07,0.0,0.4756790120154619,0.0,-0.0,0.0
1.7267731688974663e-07,6.92337798202658e-08,0.4756790120154619,0.0,0.0,-6.274386392390863e-12

1.7267729468528614e-07,0.0,0.4756790120154619,0.0,-0.0,0.0
1.7267729468528614e-07,0.0,0.4756790120154619,0.0,-0.0,0.0
1.7267729468528614e-07,0.0,0.4756790120154619,0.0,-0.0,0.0
1.7267729468528614e-07,0.0,0.4756790120154619,0.0,-0.0,0.0
375.0126361846924,11.118517071008682,0.4756790120154619,0.0,0.0,-2.351682424545288
1.7267729468528614e-07,0.0,0.4756790120154619,0.0,-0.0,0.0
1.7267729468528614e-07,0.0,0.4756790120154619,0.0,-0.0,0.0
1.7267729468528614e-07,0.0,0.4756790120154619,0.0,-0.0,0.0
-39.702799916267395,47.811782360076904,0.4756790120154619,0.0,0.0,-0.7511580586433411
171.22020721435547,148.6896276473999,0.4756790120154619,0.0,0.0,-1.3053299188613892

1.7267729468528614e-07,0.0,0.4756790120154619,0.0,-0.0,0.0
1.7267729468528614e-07,0.0,0.4756790120154619,0.0,-0.0,0.0
2.1723952414731684e-06,6.95123958394106e-08,0.4756790120154619,0.0,0.0,-5.926181420590204e-12
1.7267729468528614e-07,0.0,0.4756790120154619,0.0,-0.0,0.0
-32.38976001739502,-75.47963261604309,0.4756790120154619,0.0,0.0,-0.6698806881904602
1.7267729468528614e-07,0.0,0.4756790120154619,0.0,-0.0,0.0
-0.0034552067518234253,5.033383487784704e-06,0.4756790120154619,0.0,0.0,-2.4348720817357616e-09
171.22020721435547,148.6896276473999,0.4756790120154619,0.0,0.0,-1.3053299188613892
-58.23686122894287,-1.1090164072811604,0.4756790120154619,0.0,-0.0,0.17704755067825317
1.7267729468528614e-07,0.0,0.4756790120154619,0.0,-0.0,0.0

1.7267729468528614e-07,0.0,0.4756790120154619,0.0,-0.0,0.0
1.7267729468528614e-07,0.0,0.4756790120154619,0.0,-0.0,0.0
171.22020721435547,148.6896276473999,0.4756790120154619,0.0,0.0,-1.3053299188613892
2.2379143871376073e-06,6.952028952511569e-08,0.4756790120154619,0.0,0.0,-5.9156898130074964e-12
2.3383993408288006e-06,2.2671919452932343e-06,0.4756790120154619,0.0,0.0,-6.700009436144683e-10
1.7267729468528614e-07,0.0,0.4756790120154619,0.0,-0.0,0.0
1.730678178546441e-05,1.0389056281923104e-07,0.4756790120154619,0.0,0.0,-5.883455615057764e-12
1.7267729468528614e-07,0.0,0.4756790120154619,0.0,-0.0,0.0
1.7267729468528614e-07,0.0,0.4756790120154619,0.0,-0.0,0.0
-88.81741166114807,-10.361804068088531,0.4756790120154619,0.0,0.0,-0.36950430274009705

1.7267729468528614e-07,0.0,0.4756790120154619,0.0,-0.0,0.0
1.7267729468528614e-07,0.0,0.4756790120154619,0.0,-0.0,0.0
-93.86591911315918,8.485418558120728,0.4756790120154619,0.0,0.0,-0.8123381733894348
-12.301366031169891,-42.3237681388855,0.4756790120154619,0.0,0.0,-1.3005949258804321
1.7267729468528614e-07,0.0,0.4756790120154619,0.0,-0.0,0.0
1.7267729468528614e-07,0.0,0.4756790120154619,0.0,-0.0,0.0
-0.10412957053631544,-0.043206443660892546,0.4756790120154619,0.0,-0.0,0.0071288784965872765
-67.68717169761658,-74.04329180717468,0.4756790120154619,0.0,-0.0,0.8555662035942078
1.7267729468528614e-07,0.0,0.4756790120154619,0.0,-0.0,0.0
1.7267729468528614e-07,0.0,0.4756790120154619,0.0,-0.0,0.0

1.7267729468528614e-07,0.0,0.4756790120154619,0.0,-0.0,0.0
1.7267729468528614e-07,0.0,0.4756790120154619,0.0,-0.0,0.0
1.7267729468528614e-07,0.0,0.4756790120154619,0.0,-0.0,0.0
-0.022166737471707165,0.14579702401533723,0.4756790120154619,0.0,0.0,-0.00042582195601426065
-23.279456794261932,-11.075474321842194,0.4756790120154619,0.0,-0.0,0.11956453323364258
1.7267729468528614e-07,0.0,0.4756790120154619,0.0,-0.0,0.0
1.7267729468528614e-07,0.0,0.4756790120154619,0.0,-0.0,0.0
-22.53798544406891,-6.999814510345459,0.4756790120154619,0.0,-0.0,0.004073518794029951
-29.190880060195923,-72.26492166519165,0.4756790120154619,0.0,-0.0,0.6695185899734497
-0.007758882566122338,-0.0010148799447051715,0.4756790120154619,0.0,0.0,-0.00012873295054305345

1.7267729468528614e-07,0.0,0.4756790120154619,0.0,-0.0,0.0
1.7267729468528614e-07,0.0,0.4756790120154619,0.0,-0.0,0.0
1.7267729468528614e-07,0.0,0.4756790120154619,0.0,-0.0,0.0
91860006.25,210032550.0,0.4756790120154619,-0.0,-0.0,0.7537687420845032
1.7267729468528614e-07,0.0,0.4756790120154619,0.0,-0.0,0.0
1.7267729468528614e-07,0.0,0.4756790120154619,0.0,-0.0,0.0
12.57336288690567,-0.11998831760138273,0.4756790120154619,0.0,0.0,-0.00977475568652153
1.7267729468528614e-07,0.0,0.4756790120154619,0.0,-0.0,0.0
1.7267729468528614e-07,0.0,0.4756790120154619,0.0,-0.0,0.0
1.7267729468528614e-07,0.0,0.4756790120154619,0.0,-0.0,0.0

1.7267729468528614e-07,0.0,0.4756790120154619,0.0,-0.0,0.0
12.57336288690567,-0.11998831760138273,0.4756790120154619,0.0,0.0,-0.00977475568652153
1.7267729468528614e-07,0.0,0.4756790120154619,0.0,-0.0,0.0
-11.31153330206871,-145.40477991104126,0.4756790120154619,0.0,-0.0,-3.121112108230591
-0.7792039774358273,0.00405331957153976,0.4756790120154619,0.0,-0.0,0.015637068077921867
1.7267729468528614e-07,0.0,0.4756790120154619,0.0,-0.0,0.0
1.7267729468528614e-07,0.0,0.4756790120154619,0.0,-0.0,0.0
1.7267729468528614e-07,0.0,0.4756790120154619,0.0,-0.0,0.0
-10.025130212306976,-0.004680738493334502,0.4756790120154619,0.0,-0.0,0.00030483832233585417
-0.002213852530985605,0.0016221265468630008,0.4756790120154619,0.0,-0.0,0.0004903939552605152

1.7267729468528614e-07,0.0,0.4756790120154619,0.0,-0.0,0.0
12.57336288690567,-0.11998831760138273,0.4756790120154619,0.0,0.0,-0.00977475568652153
1.1983884498476982,-0.013503317313734442,0.4756790120154619,0.0,-0.0,2.1485542674781755e-05
1.7267729468528614e-07,0.0,0.4756790120154619,0.0,-0.0,0.0
1.7267729468528614e-07,0.0,0.4756790120154619,0.0,-0.0,0.0
1.863492116171983e-06,6.947693531600407e-08,0.4756790120154619,0.0,0.0,-5.973543708293061e-12
1.7267729468528614e-07,0.0,0.4756790120154619,0.0,-0.0,0.0
-19.650231301784515,-19.76517140865326,0.4756790120154619,0.0,0.0,-2.1195850372314453
-2605.315399169922,1114.8043632507324,0.4756790120154619,0.0,-0.0,0.4525660574436188
-13.247135281562805,-12.901391088962555,0.4756790120154619,0.0,-0.0,2.80605149269104

1.7267729468528614e-07,0.0,0.4756790120154619,0.0,-0.0,0.0
12.57336288690567,-0.11998831760138273,0.4756790120154619,0.0,0.0,-0.00977475568652153
-2933.810043334961,1407.0338249206543,0.4756790120154619,0.0,0.0,-0.44110530614852905
-0.09255931945517659,-0.029745217761956155,0.4756790120154619,0.0,-0.0,0.006694053765386343
-0.4174507688730955,-0.22326980251818895,0.4756790120154619,0.0,-0.0,0.02303924784064293
1.7267729468528614e-07,0.0,0.4756790120154619,0.0,-0.0,0.0
1.7267729468528614e-07,0.0,0.4756790120154619,0.0,-0.0,0.0
0.03103067574556917,0.0011816257938335184,0.4756790120154619,0.0,-0.0,0.0007704176823608577
1.7267729468528614e-07,0.0,0.4756790120154619,0.0,-0.0,0.0
1.7267729468528614e-07,0.0,0.4756790120154619,0.0,-0.0,0.0

1.7267729468528614e-07,0.0,0.4756790120154619,0.0,-0.0,0.0
12.57336288690567,-0.11998831760138273,0.4756790120154619,0.0,0.0,-0.00977475568652153
1.4958203564674477e-07,8.569900344923553e-08,0.4756790120154619,0.0,0.0,-6.419836662274747e-09
105.5728554725647,0.5016688257455826,0.4756790120154619,0.0,0.0,-0.023436643183231354
-18.45206320285797,-0.01874110894277692,0.4756790120154619,0.0,0.0,-0.0012348685413599014
11.712981015443802,-21.408547461032867,0.4756790120154619,0.0,-0.0,-2.4069252014160156
1.7267729468528614e-07,0.0,0.4756790120154619,0.0,-0.0,0.0
-0.06373533979058266,-0.010920174099737778,0.4756790120154619,0.0,-0.0,0.006295199505984783
1.7267729468528614e-07,0.0,0.4756790120154619,0.0,-0.0,0.0
1.7267729468528614e-07,0.0,0.4756790120154619,0.0,-0.0,0.0

1.7267729468528614e-07,0.0,0.4756790120154619,0.0,-0.0,0.0
12.57336288690567,-0.11998831760138273,0.4756790120154619,0.0,0.0,-0.00977475568652153
1.7267729468528614e-07,0.0,0.4756790120154619,0.0,-0.0,0.0
0.03220307407900691,0.003682759779621847,0.4756790120154619,0.0,-0.0,0.0009860985446721315
1.7267729468528614e-07,0.0,0.4756790120154619,0.0,-0.0,0.0
1.7267729468528614e-07,0.0,0.4756790120154619,0.0,-0.0,0.0
1.7267729468528614e-07,0.0,0.4756790120154619,0.0,-0.0,0.0
12766.008758544922,-620.7458019256592,0.4756790120154619,0.0,-0.0,-1.7852201461791992
1.7267729468528614e-07,0.0,0.4756790120154619,0.0,-0.0,0.0
1.7267729468528614e-07,0.0,0.4756790120154619,0.0,-0.0,0.0

1.7267729468528614e-07,0.0,0.4756790120154619,0.0,-0.0,0.0
12.57336288690567,-0.11998831760138273,0.4756790120154619,0.0,0.0,-0.00977475568652153
-9.713058918714523,-0.008632981189293787,0.4756790120154619,0.0,-0.0,0.0011538425460457802
1.7267729468528614e-07,0.0,0.4756790120154619,0.0,-0.0,0.0
1.7267729468528614e-07,0.0,0.4756790120154619,0.0,-0.0,0.0
1.7267729468528614e-07,0.0,0.4756790120154619,0.0,-0.0,0.0
-1.811717264354229,-0.01616747467778623,0.4756790120154619,0.0,-0.0,0.09490527957677841
1.7267729468528614e-07,0.0,0.4756790120154619,0.0,-0.0,0.0
1.7267729468528614e-07,0.0,0.4756790120154619,0.0,-0.0,0.0
-37.31503784656525,-15.007483959197998,0.4756790120154619,0.0,-0.0,0.03880223259329796

1.7267729468528614e-07,0.0,0.4756790120154619,0.0,-0.0,0.0
12.57336288690567,-0.11998831760138273,0.4756790120154619,0.0,0.0,-0.00977475568652153
1.7267729468528614e-07,0.0,0.4756790120154619,0.0,-0.0,0.0
-7.013992444626638e-05,6.836389232489637e-08,0.4756790120154619,0.0,0.0,-1.9697353470515822e-10
1.7267729468528614e-07,0.0,0.4756790120154619,0.0,-0.0,0.0
1.7267729468528614e-07,0.0,0.4756790120154619,0.0,-0.0,0.0
1.7267729468528614e-07,0.0,0.4756790120154619,0.0,-0.0,0.0
190.71173667907715,42.421314120292664,0.4756790120154619,0.0,0.0,-1.9359172582626343
1.7267729468528614e-07,0.0,0.4756790120154619,0.0,-0.0,0.0
1.2029248289763927,-1.2282364070415497,0.4756790120154619,0.0,0.0,-0.29838821291923523

1.7267729468528614e-07,0.0,0.4756790120154619,0.0,-0.0,0.0
12.57336288690567,-0.11998831760138273,0.4756790120154619,0.0,0.0,-0.00977475568652153
0.00442883356299717,-0.2695509698241949,0.4756790120154619,0.0,0.0,-0.593926191329956
1.7267729468528614e-07,0.0,0.4756790120154619,0.0,-0.0,0.0
1.7267729468528614e-07,0.0,0.4756790120154619,0.0,-0.0,0.0
1.7267729468528614e-07,0.0,0.4756790120154619,0.0,-0.0,0.0
1.7267729468528614e-07,0.0,0.4756790120154619,0.0,-0.0,0.0
1.7267729468528614e-07,0.0,0.4756790120154619,0.0,-0.0,0.0
1.7267729468528614e-07,0.0,0.4756790120154619,0.0,-0.0,0.0
1.7267729468528614e-07,0.0,0.4756790120154619,0.0,-0.0,0.0

1.7267729468528614e-07,0.0,0.4756790120154619,0.0,-0.0,0.0
12.57336288690567,-0.11998831760138273,0.4756790120154619,0.0,0.0,-0.00977475568652153
1.7267729468528614e-07,0.0,0.4756790120154619,0.0,-0.0,0.0
1.7267729468528614e-07,0.0,0.4756790120154619,0.0,-0.0,0.0
-0.2274938626214862,-0.09420150890946388,0.4756790120154619,0.0,0.0,-0.000628264679107815
1.7267729468528614e-07,0.0,0.4756790120154619,0.0,-0.0,0.0
1.7267729468528614e-07,0.0,0.4756790120154619,0.0,-0.0,0.0
1.7267729468528614e-07,0.0,0.4756790120154619,0.0,-0.0,0.0
1.7267729468528614e-07,0.0,0.4756790120154619,0.0,-0.0,0.0
-14425.640869140625,35282.666015625,0.4756790120154619,0.0,-0.0,0.7533293962478638

1.7267729468528614e-07,0.0,0.4756790120154619,0.0,-0.0,0.0
12.57336288690567,-0.11998831760138273,0.4756790120154619,0.0,0.0,-0.00977475568652153
1.7267729468528614e-07,0.0,0.4756790120154619,0.0,-0.0,0.0
13.842076063156128,-0.1067791716195643,0.4756790120154619,0.0,0.0,-0.007085028104484081
1.7267729468528614e-07,0.0,0.4756790120154619,0.0,-0.0,0.0
1.7267729468528614e-07,0.0,0.4756790120154619,0.0,-0.0,0.0
1.7267729468528614e-07,0.0,0.4756790120154619,0.0,-0.0,0.0
-0.0031389463401865214,0.00233793198276544,0.4756790120154619,0.0,-0.0,0.0006720072706229985
-4.9952056258916855,-0.006931218376848847,0.4756790120154619,0.0,-0.0,0.0002976091636810452
1.7267729468528614e-07,0.0,0.4756790120154619,0.0,-0.0,0.0

13.842076063156128,-0.1067791716195643,0.4756790120154619,0.0,0.0,-0.007085028104484081
12.57336288690567,-0.11998831760138273,0.4756790120154619,0.0,0.0,-0.00977475568652153
0.03372217179276049,-0.5216389428824186,0.4756790120154619,0.0,0.0,-0.5102614164352417
1.7267729468528614e-07,0.0,0.4756790120154619,0.0,-0.0,0.0
1.7267729468528614e-07,0.0,0.4756790120154619,0.0,-0.0,0.0
1.7267729468528614e-07,0.0,0.4756790120154619,0.0,-0.0,0.0
30.796492099761963,-11.726343631744385,0.4756790120154619,0.0,-0.0,0.1587156504392624
-0.003131575431325473,0.002343197775189765,0.4756790120154619,0.0,-0.0,0.0006729353917762637
1.7267729468528614e-07,0.0,0.4756790120154619,0.0,-0.0,0.0
154.3330430984497,385.69281101226807,0.4756790120154619,0.0,-0.0,-3.043616533279419

13.842076063156128,-0.1067791716195643,0.4756790120154619,0.0,0.0,-0.007085028104484081
12.57336288690567,-0.11998831760138273,0.4756790120154619,0.0,0.0,-0.00977475568652153
33.08949172496796,0.28785793110728264,0.4756790120154619,0.0,0.0,-0.35211318731307983
101.23459100723267,-38.98877203464508,0.4756790120154619,0.0,-0.0,1.7747526168823242
1.7267729468528614e-07,0.0,0.4756790120154619,0.0,-0.0,0.0
-0.0031309617043007165,0.0023296295694308355,0.4756790120154619,0.0,-0.0,0.0006711656460538507
0.0028582413506228477,0.0003997023668489419,0.4756790120154619,0.0,-0.0,0.0001275008835364133
-0.13992161257192492,-0.01261034922208637,0.4756790120154619,0.0,-0.0,7.598816591780633e-05
-77.83825397491455,-0.037807991611771286,0.4756790120154619,0.0,0.0,-0.00247183651663363
-9.634597972763004e-05,1.0355338808665238e-07,0.4756790120154619,0.0,0.0,-2.647090602270197e-10

13.842076063156128,-0.1067791716195643,0.4756790120154619,0.0,0.0,-0.007085028104484081
12.57336288690567,-0.11998831760138273,0.4756790120154619,0.0,0.0,-0.00977475568652153
1.7267729468528614e-07,0.0,0.4756790120154619,0.0,-0.0,0.0
1.7267729468528614e-07,0.0,0.4756790120154619,0.0,-0.0,0.0
18.66866797208786,-0.2926927525550127,0.4756790120154619,0.0,0.0,-0.11157959699630737
-9.634597972763004e-05,1.0355338808665238e-07,0.4756790120154619,0.0,0.0,-2.647090602270197e-10
1.7267729468528614e-07,0.0,0.4756790120154619,0.0,-0.0,0.0
-0.00255194117926294,0.0018129823729395866,0.4756790120154619,0.0,-0.0,0.0005479957326315343
0.004120724042877555,0.00038461930671473965,0.4756790120154619,0.0,-0.0,0.00010072988516185433
-3.9685361087322235,18.129640817642212,0.4756790120154619,0.0,-0.0,1.5514800548553467

12.57336288690567,-0.11998831760138273,0.4756790120154619,0.0,0.0,-0.00977475568652153
18.66866797208786,-0.2926927525550127,0.4756790120154619,0.0,0.0,-0.11157959699630737
-1.135380007326603,-0.07274309755302966,0.4756790120154619,0.0,0.0,-0.0015087913488969207
1.7267729468528614e-07,0.0,0.4756790120154619,0.0,-0.0,0.0
9.563877433538437,-0.08570646750740707,0.4756790120154619,0.0,0.0,-0.0010982748353853822
-3.8555629089387367e-05,9.579904647338822e-08,0.4756790120154619,0.0,0.0,-1.1900611052162446e-10
-43.14272105693817,39.94218409061432,0.4756790120154619,0.0,-0.0,0.258269727230072
7.618914388274334e-08,9.801423672683995e-07,0.4756790120154619,0.0,-0.0,2.576228439465922e-07
56.41322135925293,-13.239715993404388,0.4756790120154619,0.0,0.0,-2.0235986709594727
4.79471225389716e-05,6.333033297778456e-05,0.4756790120154619,0.0,-0.0,1.4841432083301243e-08

12.57336288690567,-0.11998831760138273,0.4756790120154619,0.0,0.0,-0.00977475568652153
18.66866797208786,-0.2926927525550127,0.4756790120154619,0.0,0.0,-0.11157959699630737
-0.0021204419681453146,-2.197048409868785e-06,0.4756790120154619,0.0,-0.0,1.4425337440115982e-06
1.7267729468528614e-07,0.0,0.4756790120154619,0.0,-0.0,0.0
-18.21703016757965,2.7527736499905586,0.4756790120154619,0.0,-0.0,1.5073305368423462
-1.5843778848648071,-0.170746142975986,0.4756790120154619,0.0,-0.0,0.014976647682487965
5.3591207915815176e-06,1.0458240939925645e-07,0.4756790120154619,0.0,0.0,-7.634354953767186e-12
-0.013946887338533998,-0.0013815416423312854,0.4756790120154619,0.0,-0.0,9.721677633933723e-05
-0.5756651051342487,-0.031737907556816936,0.4756790120154619,0.0,-0.0,3.779532198677771e-05
4.541734606027603,6.100468710064888,0.4756790120154619,0.0,-0.0,0.6915270686149597

12.57336288690567,-0.11998831760138273,0.4756790120154619,0.0,0.0,-0.00977475568652153
18.66866797208786,-0.2926927525550127,0.4756790120154619,0.0,0.0,-0.11157959699630737
3.7323664873838425,-0.06935931742191315,0.4756790120154619,0.0,0.0,-0.00018269356223754585
48.51654767990112,-44.2816436290741,0.4756790120154619,0.0,-0.0,-3.02941632270813
4.238882667095822e-06,1.0443451659014613e-07,0.4756790120154619,0.0,0.0,-7.82042486324741e-12
3.0488329008221626,-0.026988820172846317,0.4756790120154619,0.0,-0.0,7.442816422553733e-05
11.721517145633698,3.4417007118463516,0.4756790120154619,0.0,0.0,-0.9852504730224609
-344.441294670105,-347.22375869750977,0.4756790120154619,0.0,0.0,-0.8336430788040161
1.7267729468528614e-07,0.0,0.4756790120154619,0.0,-0.0,0.0
12.57336288690567,-0.11998831760138273,0.4756790120154619,0.0,0.0,-0.00977475568652153

12.57336288690567,-0.11998831760138273,0.4756790120154619,0.0,0.0,-0.00977475568652153
18.66866797208786,-0.2926927525550127,0.4756790120154619,0.0,0.0,-0.11157959699630737
1.7307215660622433e-07,1.1154089873954831e-07,0.4756790120154619,0.0,0.0,-3.099169254561218e-10
-72.95733094215393,7.796052098274231,0.4756790120154619,0.0,0.0,-1.9780118465423584
0.1663709059357643,0.027650556876324117,0.4756790120154619,0.0,-0.0,0.005731192417442799
-0.0021618074242724106,0.0015087966858118307,0.4756790120154619,0.0,-0.0,0.0004571703902911395
0.5446563474833965,-4.057474061846733,0.4756790120154619,0.0,0.0,-1.3765060901641846
-134.91339683532715,-508.8754653930664,0.4756790120154619,0.0,-0.0,0.8940851092338562
1.7267729468528614e-07,0.0,0.4756790120154619,0.0,-0.0,0.0
1.888379301817622e-05,1.0134538763750811e-07,0.4756790120154619,0.0,0.0,-8.685445591904983e-12

12.57336288690567,-0.11998831760138273,0.4756790120154619,0.0,0.0,-0.00977475568652153
18.66866797208786,-0.2926927525550127,0.4756790120154619,0.0,0.0,-0.11157959699630737
-4.541616078768129e-05,9.167399617204808e-08,0.4756790120154619,0.0,0.0,-1.2293778495209295e-10
1.7267729468528614e-07,0.0,0.4756790120154619,0.0,-0.0,0.0
1.7267729468528614e-07,0.0,0.4756790120154619,0.0,-0.0,0.0
9.351032227277756,-0.1056022010743618,0.4756790120154619,0.0,0.0,-0.006902654655277729
13.036450743675232,-3.70669849216938,0.4756790120154619,0.0,-0.0,-3.073134660720825
3.7323664873838425,-0.06935931742191315,0.4756790120154619,0.0,0.0,-0.00018269356223754585
-30.596616864204407,-30.325713753700256,0.4756790120154619,0.0,-0.0,-2.2657856941223145
-62.99399137496948,-642.194414138794,0.4756790120154619,0.0,-0.0,1.4067579507827759

12.57336288690567,-0.11998831760138273,0.4756790120154619,0.0,0.0,-0.00977475568652153
18.66866797208786,-0.2926927525550127,0.4756790120154619,0.0,0.0,-0.11157959699630737
29.924845695495605,50.94297528266907,0.4756790120154619,0.0,0.0,-1.524657964706421
-5.908450856804848,-0.011823936802102253,0.4756790120154619,0.0,0.0,-5.7196961279259995e-05
-167.29614734649658,498.319149017334,0.4756790120154619,0.0,0.0,-0.8939910531044006
-2.7537547051906586,-2.3161184042692184,0.4756790120154619,0.0,-0.0,0.0031986390240490437
1.7267729468528614e-07,0.0,0.4756790120154619,0.0,-0.0,0.0
-5.174131789686953e-07,-8.258513872760886e-07,0.4756790120154619,0.0,-0.0,1.6102023892017314e-07
-21.646344661712646,87.78151273727417,0.4756790120154619,0.0,-0.0,0.1607559621334076
-0.0037123594665899873,0.0016272986613330431,0.4756790120154619,0.0,-0.0,0.0005717696039937437

12.57336288690567,-0.11998831760138273,0.4756790120154619,0.0,0.0,-0.00977475568652153
18.66866797208786,-0.2926927525550127,0.4756790120154619,0.0,0.0,-0.11157959699630737
-0.003063903932343237,0.0020973408027202822,0.4756790120154619,0.0,-0.0,0.0006526823854073882
1.7267729468528614e-07,0.0,0.4756790120154619,0.0,-0.0,0.0
-0.011854130571009591,-0.003255152842029929,0.4756790120154619,0.0,-0.0,0.0005775890313088894
1.7267729468528614e-07,0.0,0.4756790120154619,0.0,-0.0,0.0
1.7267790530794969e-07,1.0120521087841894e-07,0.4756790120154619,0.0,0.0,-1.0428586813548968e-11
-0.0013165068594389595,0.00021283224214130314,0.4756790120154619,0.0,0.0,-2.089517511194572e-05
-135.86429357528687,1.3566894456744194,0.4756790120154619,0.0,0.0,-0.18343079090118408
-0.003518698940752074,0.0021176516384002753,0.4756790120154619,0.0,-0.0,0.0006467524799518287

12.57336288690567,-0.11998831760138273,0.4756790120154619,0.0,0.0,-0.00977475568652153
18.66866797208786,-0.2926927525550127,0.4756790120154619,0.0,0.0,-0.11157959699630737
1.7267729468528614e-07,0.0,0.4756790120154619,0.0,-0.0,0.0
-25.55845081806183,-49.22408163547516,0.4756790120154619,0.0,-0.0,1.273496389389038
0.017448329890612513,-0.020234828116372228,0.4756790120154619,0.0,0.0,-0.005070613697171211
1498.9569664001465,-199.22641515731812,0.4756790120154619,0.0,0.0,-1.5160075426101685
-0.003518698940752074,0.0021176516384002753,0.4756790120154619,0.0,-0.0,0.0006467524799518287
0.7803078275173903,1.628364622592926,0.4756790120154619,0.0,-0.0,-2.9403419494628906
-2.4493623795862618e-08,1.1267320410013326e-07,0.4756790120154619,0.0,-0.0,9.472621798067848e-09
-0.0031359042623080313,0.0022909183826413937,0.4756790120154619,0.0,-0.0,0.0006706515559926629

12.57336288690567,-0.11998831760138273,0.4756790120154619,0.0,0.0,-0.00977475568652153
18.66866797208786,-0.2926927525550127,0.4756790120154619,0.0,0.0,-0.11157959699630737
0.02272879792144522,-0.020065692660864443,0.4756790120154619,0.0,0.0,-0.006748010870069265
-0.0033545700716786087,0.002258714630443137,0.4756790120154619,0.0,-0.0,0.0006732071633450687
16.254396736621857,-0.22643082775175571,0.4756790120154619,0.0,0.0,-0.03971673920750618
1.7267735019643737e-07,9.83453651848265e-08,0.4756790120154619,0.0,0.0,-1.1811389540039574e-11
-0.36250927951186895,-0.05009226151742041,0.4756790120154619,0.0,0.0,-0.004444758873432875
-663.0871772766113,130.75817823410034,0.4756790120154619,0.0,0.0,-0.13895022869110107
1.4534627087414265,-4.5203398913145065,0.4756790120154619,0.0,-0.0,0.13681846857070923
1.7267729468528614e-07,0.0,0.4756790120154619,0.0,-0.0,0.0

16.254396736621857,-0.22643082775175571,0.4756790120154619,0.0,0.0,-0.03971673920750618
18.66866797208786,-0.2926927525550127,0.4756790120154619,0.0,0.0,-0.11157959699630737
-0.0037183359381742775,-4.138022369204464e-07,0.4756790120154619,0.0,0.0,-1.1638245922540591e-10
-0.07189371390268207,-0.008013461774680763,0.4756790120154619,0.0,0.0,-5.141631845617667e-06
2136.907196044922,53.81267070770264,0.4756790120154619,0.0,-0.0,-0.48416486382484436
-0.5987880285829306,-6.061593070626259,0.4756790120154619,0.0,-0.0,0.634623110294342
-0.2591701690107584,1.5146368070872995e-05,0.4756790120154619,0.0,-0.0,2.1668422505172202e-06
-0.047463824739679694,-0.010091451986227185,0.4756790120154619,0.0,0.0,-0.002468993654474616
4564.3768310546875,3278.5961151123047,0.4756790120154619,0.0,-0.0,-1.2592666149139404
-15.015104413032532,-18.100076913833618,0.4756790120154619,0.0,-0.0,2.4062395095825195

16.254396736621857,-0.22643082775175571,0.4756790120154619,0.0,0.0,-0.03971673920750618
18.66866797208786,-0.2926927525550127,0.4756790120154619,0.0,0.0,-0.11157959699630737
-9.097031503915787,-1.5344862826168537,0.4756790120154619,0.0,0.0,-0.05594094097614288
-2.071770653128624,-1.4218445867300034,0.4756790120154619,0.0,-0.0,0.034464456140995026
-12.765295803546906,-0.09307319996878505,0.4756790120154619,0.0,-0.0,0.288955420255661
-0.0004308780262363143,-0.0011333522706991062,0.4756790120154619,0.0,0.0,-0.0006102325860410929
-39.1312450170517,-0.04522450326476246,0.4756790120154619,0.0,0.0,-0.0014913723571226
0.0078011500590946525,0.0033784399420255795,0.4756790120154619,0.0,0.0,-0.00013245479203760624
1.7267729468528614e-07,0.0,0.4756790120154619,0.0,-0.0,0.0
7.446656376123428,-0.10103107197210193,0.4756790120154619,0.0,0.0,-0.006387927569448948

16.254396736621857,-0.22643082775175571,0.4756790120154619,0.0,0.0,-0.03971673920750618
18.66866797208786,-0.2926927525550127,0.4756790120154619,0.0,0.0,-0.11157959699630737
29.85934019088745,0.006565800867974758,0.4756790120154619,0.0,-0.0,0.0014300151960924268
0.006304605631157756,0.0016470901755383238,0.4756790120154619,0.0,-0.0,0.0005623368779197335
5.676404759287834,0.16361877787858248,0.4756790120154619,0.0,0.0,-0.0001833686837926507
29.16942536830902,-2.298661880195141,0.4756790120154619,0.0,0.0,-0.9081822037696838
-0.07189371390268207,-0.008013461774680763,0.4756790120154619,0.0,0.0,-5.141631845617667e-06
1.7267729468528614e-07,0.0,0.4756790120154619,0.0,-0.0,0.0
-0.00038146138194861123,-0.00019009103198186494,0.4756790120154619,0.0,-0.0,1.916538261426126e-09
-0.003078805821132846,0.0021810368707519956,0.4756790120154619,0.0,-0.0,0.0006537771550938487

16.254396736621857,-0.22643082775175571,0.4756790120154619,0.0,0.0,-0.03971673920750618
18.66866797208786,-0.2926927525550127,0.4756790120154619,0.0,0.0,-0.11157959699630737
5.682232906423224e-07,-2.1519206416797942e-07,0.4756790120154619,0.0,0.0,-8.831638353967719e-08
-0.00010661497071851045,-0.0011710397302522324,0.4756790120154619,0.0,-0.0,2.642214167281054e-05
-5.1945760846138,-0.5168809555470943,0.4756790120154619,0.0,-0.0,0.10308187454938889
-2.7489157393574715,-2.0768413320183754,0.4756790120154619,0.0,-0.0,0.0068933903239667416
-96.00688815116882,-1.872517354786396,0.4756790120154619,0.0,0.0,-0.12041561305522919
0.004445096783456393,0.0001367295681120595,0.4756790120154619,0.0,-0.0,9.067483915714547e-06
1.7267729468528614e-07,0.0,0.4756790120154619,0.0,-0.0,0.0
5.0361886620521545,0.0504943891428411,0.4756790120154619,0.0,0.0,-0.0019155964255332947

16.254396736621857,-0.22643082775175571,0.4756790120154619,0.0,0.0,-0.03971673920750618
18.66866797208786,-0.2926927525550127,0.4756790120154619,0.0,0.0,-0.11157959699630737
23.893073201179504,-0.05321035860106349,0.4756790120154619,0.0,0.0,-0.0011405866825953126
40246618.75,127849987.5,0.4756790120154619,-0.0,-0.0,0.7859984040260315
-0.18803131533786654,-0.0033250624255742878,0.4756790120154619,0.0,-0.0,3.877732979162829e-06
-4.7453244178541354e-05,-0.0010964790817524772,0.4756790120154619,0.0,-0.0,2.651455179147888e-05
-110.46401262283325,-0.6842448376119137,0.4756790120154619,0.0,0.0,-0.1258571743965149
2.3536475168839388e-05,1.0459647592497845e-07,0.4756790120154619,0.0,0.0,-4.016603022405363e-12
-33.48937928676605,-12.41300255060196,0.4756790120154619,0.0,-0.0,0.014250505715608597
1.7267729468528614e-07,0.0,0.4756790120154619,0.0,-0.0,0.0

16.254396736621857,-0.22643082775175571,0.4756790120154619,0.0,0.0,-0.03971673920750618
18.66866797208786,-0.2926927525550127,0.4756790120154619,0.0,0.0,-0.11157959699630737
1.7267729468528614e-07,0.0,0.4756790120154619,0.0,-0.0,0.0
1.7267729468528614e-07,0.0,0.4756790120154619,0.0,-0.0,0.0
-5.994262437525322e-05,1.0169479702781814e-07,0.4756790120154619,0.0,0.0,-1.7362787596564289e-10
1.7267729468528614e-07,0.0,0.4756790120154619,0.0,-0.0,0.0
-0.0039434344216715544,1.2437670449116922e-06,0.4756790120154619,0.0,-0.0,6.779986294613849e-12
-3.8624352782790083e-05,9.858579508303933e-08,0.4756790120154619,0.0,0.0,-1.1884997153099874e-10
5.096824295947044e-07,1.1394331034253469e-07,0.4756790120154619,0.0,0.0,-4.876443782109163e-08
-0.0009713837243907619,4.333331027339682e-07,0.4756790120154619,0.0,-0.0,6.60620926851152e-08

16.254396736621857,-0.22643082775175571,0.4756790120154619,0.0,0.0,-0.03971673920750618
18.66866797208786,-0.2926927525550127,0.4756790120154619,0.0,0.0,-0.11157959699630737
2.07563154399395,-0.038616248639300466,0.4756790120154619,0.0,-0.0,4.246698154020123e-05
1.7267729468528614e-07,0.0,0.4756790120154619,0.0,-0.0,0.0
1.7267729468528614e-07,0.0,0.4756790120154619,0.0,-0.0,0.0
-0.01856539456639439,-3.0379961657445165e-06,0.4756790120154619,0.0,-0.0,3.012100364685466e-07
2.7279196307063103,-0.033143116161227226,0.4756790120154619,0.0,-0.0,0.005918337497860193
1.7267729468528614e-07,0.0,0.4756790120154619,0.0,-0.0,0.0
1.7267729468528614e-07,0.0,0.4756790120154619,0.0,-0.0,0.0
7.560506110060317e-08,1.1578799030687037e-07,0.4756790120154619,0.0,0.0,-2.330487269830428e-08

16.254396736621857,-0.22643082775175571,0.4756790120154619,0.0,0.0,-0.03971673920750618
18.66866797208786,-0.2926927525550127,0.4756790120154619,0.0,0.0,-0.11157959699630737
0.6175781134516001,-1.3756460510194302,0.4756790120154619,0.0,0.0,-0.2310652732849121
-86727.31323242188,1522.2501754760742,0.4756790120154619,0.0,-0.0,-0.5412822365760803
-8.700348436832428,0.003757310696528293,0.4756790120154619,0.0,-0.0,0.0042213755659759045
1.7267729468528614e-07,0.0,0.4756790120154619,0.0,-0.0,0.0
131.32907152175903,-1005.4548263549805,0.4756790120154619,0.0,0.0,-1.587889552116394
1.7267729468528614e-07,0.0,0.4756790120154619,0.0,-0.0,0.0
1.7267729468528614e-07,0.0,0.4756790120154619,0.0,-0.0,0.0
1.7267729468528614e-07,0.0,0.4756790120154619,0.0,-0.0,0.0

16.254396736621857,-0.22643082775175571,0.4756790120154619,0.0,0.0,-0.03971673920750618
18.66866797208786,-0.2926927525550127,0.4756790120154619,0.0,0.0,-0.11157959699630737
16.254396736621857,-0.22643082775175571,0.4756790120154619,0.0,0.0,-0.03971673920750618
104579.1259765625,1535.7318878173828,0.4756790120154619,0.0,-0.0,-1.1335349082946777
-46.3357150554657,-18.112197518348694,0.4756790120154619,0.0,-0.0,-1.8656717538833618
59.58471894264221,0.7693539373576641,0.4756790120154619,0.0,0.0,-0.9743065237998962
1.7267729468528614e-07,0.0,0.4756790120154619,0.0,-0.0,0.0
-6.394817680120468,-0.008850960148265585,0.4756790120154619,0.0,-0.0,0.002392761642113328
-102.93861627578735,-231.32812976837158,0.4756790120154619,0.0,-0.0,2.934837579727173
-0.0006056660367903532,0.0009042282727023121,0.4756790120154619,0.0,-0.0,0.0001870997657533735

16.254396736621857,-0.22643082775175571,0.4756790120154619,0.0,0.0,-0.03971673920750618
18.66866797208786,-0.2926927525550127,0.4756790120154619,0.0,0.0,-0.11157959699630737
21.193182468414307,59.19218063354492,0.4756790120154619,0.0,-0.0,0.848242461681366
-0.00010586014695945778,0.0003428864602028625,0.4756790120154619,0.0,-0.0,4.4851669372292235e-05
-1.2250186420814657e-07,-8.743564205992982e-08,0.4756790120154619,0.0,0.0,-2.027589651731887e-08
1.7267729468528614e-07,0.0,0.4756790120154619,0.0,-0.0,0.0
-0.003551216286723502,0.0019867715309374034,0.4756790120154619,0.0,-0.0,0.000644630694296211
-10.018925368785858,-2.8718940913677216,0.4756790120154619,0.0,-0.0,0.22264984250068665
14.24860954284668,0.0012612003956746776,0.4756790120154619,0.0,0.0,-2.6479225198272616e-05
-31.087803840637207,-8.814772963523865,0.4756790120154619,0.0,0.0,-0.08062644302845001

14.24860954284668,0.0012612003956746776,0.4756790120154619,0.0,0.0,-2.6479225198272616e-05
18.66866797208786,-0.2926927525550127,0.4756790120154619,0.0,0.0,-0.11157959699630737
1.7267729468528614e-07,0.0,0.4756790120154619,0.0,-0.0,0.0
2.399509772658348,0.017031229799613357,0.4756790120154619,0.0,-0.0,0.02992912195622921
-0.00315032375510782,0.0022886391889187507,0.4756790120154619,0.0,-0.0,0.0006715523777529597
-0.0004140396868024254,0.0008811175575829111,0.4756790120154619,0.0,-0.0,0.00015519771841354668
1.726773835031281e-07,1.0124046045945079e-07,0.4756790120154619,0.0,0.0,-1.0288320542728435e-11
-1.2250186420814657e-07,-8.743564205992982e-08,0.4756790120154619,0.0,0.0,-2.027589651731887e-08
1.7267729468528614e-07,0.0,0.4756790120154619,0.0,-0.0,0.0
-2491162.5,-180826712.5,0.4756790120154619,0.0,-0.0,-0.19937333464622498

14.24860954284668,0.0012612003956746776,0.4756790120154619,0.0,0.0,-2.6479225198272616e-05
18.66866797208786,-0.2926927525550127,0.4756790120154619,0.0,0.0,-0.11157959699630737
-0.0030149109079502523,0.0022582362362300046,0.4756790120154619,0.0,-0.0,0.0006488439976237714
1.7267729468528614e-07,0.0,0.4756790120154619,0.0,-0.0,0.0
1.7267729468528614e-07,0.0,0.4756790120154619,0.0,-0.0,0.0
-107.69394636154175,-84.07076597213745,0.4756790120154619,0.0,-0.0,0.10591071844100952
-0.5655078217387199,0.0026695634005591273,0.4756790120154619,0.0,-0.0,0.07296978682279587
-7.822771370410919,-0.015126279322430491,0.4756790120154619,0.0,0.0,-0.00020284716447349638
-0.003128924799966626,0.0023318205421674065,0.4756790120154619,0.0,-0.0,0.0006718699587509036
76.44860744476318,75.44140219688416,0.4756790120154619,0.0,0.0,-0.7218698859214783

14.24860954284668,0.0012612003956746776,0.4756790120154619,0.0,0.0,-2.6479225198272616e-05
18.66866797208786,-0.2926927525550127,0.4756790120154619,0.0,0.0,-0.11157959699630737
-0.004887927934760228,0.002895951001846697,0.4756790120154619,0.0,-0.0,0.0010410876711830497
-0.9108053520321846,-0.011486893345136195,0.4756790120154619,0.0,-0.0,3.581947021302767e-05
-0.4824003204703331,0.5207770504057407,0.4756790120154619,0.0,0.0,-8.497724775224924e-05
-0.0016853422494023107,0.0011429735423007514,0.4756790120154619,0.0,-0.0,0.0003493643889669329
-0.0030185459763742983,0.0022628340957453474,0.4756790120154619,0.0,-0.0,0.0006478606374002993
-112.13259696960449,0.06687893765047193,0.4756790120154619,0.0,0.0,-0.00800838228315115
-0.002996566217916552,0.0021394096620497294,0.4756790120154619,0.0,-0.0,0.000643127947114408
-0.001828570748330094,0.0013942838450020645,0.4756790120154619,0.0,-0.0,0.00039649539394304156

14.24860954284668,0.0012612003956746776,0.4756790120154619,0.0,0.0,-2.6479225198272616e-05
18.66866797208786,-0.2926927525550127,0.4756790120154619,0.0,0.0,-0.11157959699630737
1.544929388910532,-0.007997092325240374,0.4756790120154619,0.0,-0.0,3.207490226486698e-05
-53.571051359176636,-93.54807138442993,0.4756790120154619,0.0,-0.0,2.057819366455078
1.7267729468528614e-07,0.0,0.4756790120154619,0.0,-0.0,0.0
0.020950868201907724,-0.03221950610168278,0.4756790120154619,0.0,-0.0,0.0072703431360423565
-0.13806138886138797,-0.001026460449793376,0.4756790120154619,0.0,-0.0,4.537145287031308e-06
-0.0010528027814871166,-5.433195724435791e-05,0.4756790120154619,0.0,-0.0,8.646820060675964e-05
-0.000573803072256851,7.554663170594722e-05,0.4756790120154619,0.0,-0.0,0.0001288611238123849
93.97768378257751,-596.7387199401855,0.4756790120154619,0.0,0.0,-0.6489270925521851

14.24860954284668,0.0012612003956746776,0.4756790120154619,0.0,0.0,-2.6479225198272616e-05
18.66866797208786,-0.2926927525550127,0.4756790120154619,0.0,0.0,-0.11157959699630737
18.66866797208786,-0.2926927525550127,0.4756790120154619,0.0,0.0,-0.11157959699630737
72.07872867584229,70.8639919757843,0.4756790120154619,0.0,-0.0,2.1239333152770996
1.7267729468528614e-07,0.0,0.4756790120154619,0.0,-0.0,0.0
-0.3482216037809849,0.09702951065264642,0.4756790120154619,0.0,0.0,-0.002276830608025193
-4.239629447511106e-05,9.879611573282432e-08,0.4756790120154619,0.0,0.0,-1.287202289201872e-10
1.7267729468528614e-07,0.0,0.4756790120154619,0.0,-0.0,0.0
-39.00331258773804,-7.4340276420116425,0.4756790120154619,0.0,-0.0,2.126415967941284
-0.000573803072256851,7.554663170594722e-05,0.4756790120154619,0.0,-0.0,0.0001288611238123849

18.66866797208786,-0.2926927525550127,0.4756790120154619,0.0,0.0,-0.11157959699630737
18.66866797208786,-0.2926927525550127,0.4756790120154619,0.0,0.0,-0.11157959699630737
-34.2742383480072,-9.88655909895897,0.4756790120154619,0.0,-0.0,0.3125403821468353
11713.614654541016,5717.415618896484,0.4756790120154619,0.0,0.0,-2.6968579292297363
1.7267729468528614e-07,0.0,0.4756790120154619,0.0,-0.0,0.0
-0.0029620203349622898,0.0021970006855553947,0.4756790120154619,0.0,-0.0,0.0006301040411926806
1.7267729468528614e-07,0.0,0.4756790120154619,0.0,-0.0,0.0
-2.8420215472579002,4.137105867266655,0.4756790120154619,0.0,-0.0,-2.414242744445801
-0.509160291403532,0.09377762908115983,0.4756790120154619,0.0,0.0,-0.014078659005463123
9.894074537442066e-05,0.00018197487179349991,0.4756790120154619,0.0,-0.0,2.4987778601825994e-07

18.66866797208786,-0.2926927525550127,0.4756790120154619,0.0,0.0,-0.11157959699630737
18.66866797208786,-0.2926927525550127,0.4756790120154619,0.0,0.0,-0.11157959699630737
-0.11187134077772498,-0.02048756869044155,0.4756790120154619,0.0,0.0,-0.00059556431369856
-0.00010712174116633832,9.40094002643832e-08,0.4756790120154619,0.0,0.0,-2.806571364200039e-10
1.7267729468528614e-07,0.0,0.4756790120154619,0.0,-0.0,0.0
1.7267729468528614e-07,0.0,0.4756790120154619,0.0,-0.0,0.0
1.7267729468528614e-07,0.0,0.4756790120154619,0.0,-0.0,0.0
0.5252728704363108,-0.11341304052621126,0.4756790120154619,0.0,0.0,-0.0468965508043766
-0.01156007929239422,-0.0011128394362458494,0.4756790120154619,0.0,-0.0,9.497878636466339e-05
-8.212828636169434,-6.597832590341568,0.4756790120154619,0.0,-0.0,0.05528619512915611

18.66866797208786,-0.2926927525550127,0.4756790120154619,0.0,0.0,-0.11157959699630737
18.66866797208786,-0.2926927525550127,0.4756790120154619,0.0,0.0,-0.11157959699630737
-0.020847110135946423,0.022824722691439092,0.4756790120154619,0.0,-0.0,0.00029485460254363716
-344.4855213165283,186.74249649047852,0.4756790120154619,0.0,-0.0,1.0776152610778809
-0.0030838651582598686,0.0021726904378738254,0.4756790120154619,0.0,-0.0,0.0006507252110168338
-921.923828125,-801.973819732666,0.4756790120154619,-0.0,-0.0,2.461092472076416
-35.35092771053314,-0.04733955720439553,0.4756790120154619,0.0,-0.0,0.0032952968031167984
-156.0519814491272,-0.27128662914037704,0.4756790120154619,0.0,-0.0,0.001684781746007502
1.7267729468528614e-07,0.0,0.4756790120154619,0.0,-0.0,0.0
2.253948152065277,5.681966245174408,0.4756790120154619,0.0,0.0,-0.4364296793937683

18.66866797208786,-0.2926927525550127,0.4756790120154619,0.0,0.0,-0.11157959699630737
18.66866797208786,-0.2926927525550127,0.4756790120154619,0.0,0.0,-0.11157959699630737
32.92691111564636,0.041420082561671734,0.4756790120154619,0.0,0.0,-0.04537929221987724
-148.4020233154297,-36.9877427816391,0.4756790120154619,0.0,0.0,-0.04734005406498909
-68.79684925079346,-0.07981724920682609,0.4756790120154619,0.0,0.0,-0.00010672927601262927
0.030248469556681812,0.2885033842176199,0.4756790120154619,0.0,-0.0,0.0002948529436253011
0.0003808713245234685,0.0019077255274169147,0.4756790120154619,0.0,0.0,-0.0001711150398477912
-0.000940771587920608,0.0005168034931557486,0.4756790120154619,0.0,-0.0,0.00019620751845650375
-0.02965338935609907,0.02369516296312213,0.4756790120154619,0.0,0.0,-0.0002473015047144145
0.013681863492820412,0.0279951433185488,0.4756790120154619,0.0,-0.0,0.0028575961478054523

18.66866797208786,-0.2926927525550127,0.4756790120154619,0.0,0.0,-0.11157959699630737
18.66866797208786,-0.2926927525550127,0.4756790120154619,0.0,0.0,-0.11157959699630737
1.7267729468528614e-07,0.0,0.4756790120154619,0.0,-0.0,0.0
-8.928606659173965,-3.639715164899826,0.4756790120154619,0.0,0.0,-0.8851524591445923
-191.15753173828125,-267.8720235824585,0.4756790120154619,0.0,-0.0,-3.128727912902832
-0.0006588808901142329,0.00077929871622473,0.4756790120154619,0.0,-0.0,0.002068117493763566
189.35152292251587,5.556283891201019,0.4756790120154619,0.0,-0.0,0.5277751684188843
-184.28882360458374,90.18982648849487,0.4756790120154619,0.0,-0.0,1.750687837600708
1.7267729468528614e-07,0.0,0.4756790120154619,0.0,-0.0,0.0
221.24905586242676,-3.137904778122902,0.4756790120154619,0.0,0.0,-0.01469019241631031

18.66866797208786,-0.2926927525550127,0.4756790120154619,0.0,0.0,-0.11157959699630737
18.66866797208786,-0.2926927525550127,0.4756790120154619,0.0,0.0,-0.11157959699630737
-0.001355929907731479,0.0010493467925698496,0.4756790120154619,0.0,-0.0,0.00029631805955432355
-0.0069485060521401465,-0.00016852583257787046,0.4756790120154619,0.0,0.0,-4.197945600026287e-05
-354.02894020080566,-873.5883712768555,0.4756790120154619,0.0,-0.0,-2.592446804046631
-41.16315245628357,-0.9344417601823807,0.4756790120154619,0.0,0.0,-0.47183388471603394
2.3681440097789164e-05,9.994569616367244e-08,0.4756790120154619,0.0,0.0,-8.794633424291654e-12
1077.0882606506348,-8553.050994873047,0.4756790120154619,0.0,-0.0,0.0014391514705494046
12.248402833938599,-0.11881414102390409,0.4756790120154619,0.0,0.0,-0.006164169404655695
1.7267729468528614e-07,0.0,0.4756790120154619,0.0,-0.0,0.0

18.66866797208786,-0.2926927525550127,0.4756790120154619,0.0,0.0,-0.11157959699630737
18.66866797208786,-0.2926927525550127,0.4756790120154619,0.0,0.0,-0.11157959699630737
4.132256656885147,-140.30189514160156,0.4756790120154619,0.0,-0.0,0.618309497833252
1.6032598182391666e-05,2.937289345084082e-06,0.4756790120154619,0.0,-0.0,6.076138561184052e-07
-0.00017773106719687348,7.027037840501293e-08,0.4756790120154619,0.0,0.0,-4.5587070229835547e-10
-103.91354560852051,-0.09124738862738013,0.4756790120154619,0.0,-0.0,0.0014802726218476892
-0.002273645077366382,0.001727137714624405,0.4756790120154619,0.0,-0.0,0.0004930327995680273
0.5249993409961462,-0.34565560054033995,0.4756790120154619,0.0,-0.0,0.13296885788440704
-237500775.0,-334721050.0,0.4756790120154619,-0.0,-0.0,1.1877268552780151
-0.005686600707122125,0.0028001604732708074,0.4756790120154619,0.0,-0.0,0.0012052301317453384

18.66866797208786,-0.2926927525550127,0.4756790120154619,0.0,0.0,-0.11157959699630737
18.66866797208786,-0.2926927525550127,0.4756790120154619,0.0,0.0,-0.11157959699630737
2.159296386139431e-06,6.951081932271563e-08,0.4756790120154619,0.0,0.0,-5.928290844336992e-12
-0.4864913411438465,-0.00883382381289266,0.4756790120154619,0.0,-0.0,6.402314465958625e-05
1.7267737240089787e-07,1.8258797251924364e-09,0.4756790120154619,0.0,0.0,-1.2627321063773955e-11
3.6132976412773132,2.274848148226738,0.4756790120154619,0.0,-0.0,0.11756982654333115
-15.244722366333008,7.2213537991046906,0.4756790120154619,0.0,-0.0,0.4622955322265625
285.40284633636475,621.1310863494873,0.4756790120154619,0.0,-0.0,-2.2261526584625244
2.3276132310456887e-05,1.1010491407503764e-07,0.4756790120154619,0.0,-0.0,1.6594106731077085e-12
-1.8863610923290253,48.65294694900513,0.4756790120154619,0.0,0.0,-1.3096927404403687

18.66866797208786,-0.2926927525550127,0.4756790120154619,0.0,0.0,-0.11157959699630737
18.66866797208786,-0.2926927525550127,0.4756790120154619,0.0,0.0,-0.11157959699630737
0.0005868554580956697,0.00033908743262145435,0.4756790120154619,0.0,-0.0,2.0428428797458764e-06
0.09347281302325428,0.015543813060503453,0.4756790120154619,0.0,-0.0,0.0051212068647146225
1.7283698916514822e-07,1.2268028815043408e-07,0.4756790120154619,0.0,0.0,-4.646913409622755e-11
4.309917756017967e-05,0.0001000497263703437,0.4756790120154619,0.0,-0.0,7.48701651787087e-08
1.7267729468528614e-07,0.0,0.4756790120154619,0.0,-0.0,0.0
1.7267729468528614e-07,0.0,0.4756790120154619,0.0,-0.0,0.0
0.017816723266150802,0.001125579365179874,0.4756790120154619,0.0,-0.0,0.00016565225087106228
0.0023755615984555334,-0.00017413707382729626,0.4756790120154619,0.0,0.0,-2.0422887246240862e-05

18.66866797208786,-0.2926927525550127,0.4756790120154619,0.0,0.0,-0.11157959699630737
18.66866797208786,-0.2926927525550127,0.4756790120154619,0.0,0.0,-0.11157959699630737
1.7267729468528614e-07,0.0,0.4756790120154619,0.0,-0.0,0.0
-0.0017862397726275958,0.0012901381523988675,0.4756790120154619,0.0,-0.0,0.00039955246029421687
1.7267729468528614e-07,0.0,0.4756790120154619,0.0,-0.0,0.0
-0.056368857622146606,-0.005944742588326335,0.4756790120154619,0.0,-0.0,0.0018418431282043457
4.977266117930412,-0.04565096751321107,0.4756790120154619,0.0,0.0,-0.057873982936143875
0.0272762292297557,0.006475648115156218,0.4756790120154619,0.0,-0.0,0.004029483068734407
-0.003263629332650453,0.0024359344024560414,0.4756790120154619,0.0,-0.0,0.0006989557878114283
-123.05538654327393,1.1567718349397182,0.4756790120154619,0.0,0.0,-0.06550699472427368

18.66866797208786,-0.2926927525550127,0.4756790120154619,0.0,0.0,-0.11157959699630737
18.66866797208786,-0.2926927525550127,0.4756790120154619,0.0,0.0,-0.11157959699630737
1.7267729468528614e-07,0.0,0.4756790120154619,0.0,-0.0,0.0
1.8533379275709194e-07,2.929025466613666e-07,0.4756790120154619,0.0,0.0,-4.1017258922693145e-08
-54.01141047477722,17.75682419538498,0.4756790120154619,0.0,0.0,-1.2604093551635742
-155.77048063278198,1.3769760727882385,0.4756790120154619,0.0,0.0,-0.050961531698703766
-9.875500202178955,7.586810737848282,0.4756790120154619,0.0,-0.0,0.5894404649734497
3.1564202159643173,-4.991794377565384,0.4756790120154619,0.0,0.0,-1.64784836769104
-46.58927917480469,-0.3330711741000414,0.4756790120154619,0.0,-0.0,0.006030970718711615
-0.00031596748613083037,9.31148658178671e-08,0.4756790120154619,0.0,0.0,-6.367240068527735e-10

18.66866797208786,-0.2926927525550127,0.4756790120154619,0.0,0.0,-0.11157959699630737
18.66866797208786,-0.2926927525550127,0.4756790120154619,0.0,0.0,-0.11157959699630737
-0.014686524809803814,7.813744318241334e-07,0.4756790120154619,0.0,-0.0,1.0248778214982934e-10
-0.003094811472692527,0.002319723535038065,0.4756790120154619,0.0,-0.0,0.0006689007277600467
-0.0004958821136824554,5.052908091940367e-08,0.4756790120154619,0.0,0.0,-2.829883549715362e-10
-5.120129510760307,-0.00771660270402208,0.4756790120154619,0.0,0.0,-0.0007028561667539179
-54.01141047477722,17.75682419538498,0.4756790120154619,0.0,0.0,-1.2604093551635742
1.7267729468528614e-07,0.0,0.4756790120154619,0.0,-0.0,0.0
1.7267729468528614e-07,0.0,0.4756790120154619,0.0,-0.0,0.0
-3.1743542194817564e-05,9.570825243443437e-08,0.4756790120154619,0.0,0.0,-1.0089956647973963e-10

18.66866797208786,-0.2926927525550127,0.4756790120154619,0.0,0.0,-0.11157959699630737
18.66866797208786,-0.2926927525550127,0.4756790120154619,0.0,0.0,-0.11157959699630737
-3.38268897337457e-06,1.0888850709989129e-06,0.4756790120154619,0.0,0.0,-8.569273859393434e-07
53.60372066497803,106.23750686645508,0.4756790120154619,0.0,0.0,-0.011997473426163197
1.7267758334327254e-07,9.569530723396724e-08,0.4756790120154619,0.0,0.0,-1.3021566463988776e-11
168.3690905570984,27.973365783691406,0.4756790120154619,0.0,-0.0,1.7179224491119385
0.02467462618369609,0.004867644383921288,0.4756790120154619,0.0,-0.0,4.740796430269256e-05
1.9175997003912926,-0.43053082190454006,0.4756790120154619,0.0,0.0,-0.17663216590881348
4.5799066583640524e-05,3.559590311397187e-05,0.4756790120154619,0.0,0.0,-1.3777989416041692e-08
18.757374584674835,-0.31234053894877434,0.4756790120154619,0.0,0.0,-0.12478724122047424

18.66866797208786,-0.2926927525550127,0.4756790120154619,0.0,0.0,-0.11157959699630737
18.66866797208786,-0.2926927525550127,0.4756790120154619,0.0,0.0,-0.11157959699630737
-0.0019034054275834933,0.0002205746795880259,0.4756790120154619,0.0,-0.0,2.2950381151076726e-07
-1.7111849714979144e-07,3.675034720984627e-07,0.4756790120154619,0.0,0.0,-3.8128349366672865e-09
-1.5505708754062653,5.345141887664795,0.4756790120154619,0.0,0.0,-0.06225882098078728
22591.233825683594,395.41430473327637,0.4756790120154619,0.0,-0.0,-0.9037017822265625
78.11926603317261,48.372313380241394,0.4756790120154619,0.0,0.0,-1.317873239517212
5.921444312662061e-06,2.998098835860219e-06,0.4756790120154619,0.0,-0.0,3.2314994768967154e-07
-1.313604558461634e-07,1.410376260224666e-07,0.4756790120154619,0.0,-0.0,1.7124818896263605e-08
-1.0160611196852187e-05,9.594914862631754e-08,0.4756790120154619,0.0,0.0,-4.205672268775551e-11

18.66866797208786,-0.2926927525550127,0.4756790120154619,0.0,0.0,-0.11157959699630737
18.66866797208786,-0.2926927525550127,0.4756790120154619,0.0,0.0,-0.11157959699630737
5.102828026792849e-06,1.6099223287824316e-06,0.4756790120154619,0.0,-0.0,1.3887542227308813e-09
-1.606450043618679,0.8671768940985203,0.4756790120154619,0.0,0.0,-0.5207780599594116
-35.67709922790527,-0.04165508144069463,0.4756790120154619,0.0,-0.0,0.002456556772813201
2.3153368999828672e-05,1.1268573851808128e-07,0.4756790120154619,0.0,-0.0,4.2944120481891446e-12
9.171161252652382e-06,2.1583677067837925e-06,0.4756790120154619,0.0,-0.0,5.753273768505096e-08
234.89501476287842,-226.59692764282227,0.4756790120154619,0.0,-0.0,2.939286470413208
-0.08804195676930249,-0.0163512013386935,0.4756790120154619,0.0,0.0,-0.000332120805978775
-116.10392332077026,-0.17721790354698896,0.4756790120154619,0.0,-0.0,0.0020683028269559145

18.66866797208786,-0.2926927525550127,0.4756790120154619,0.0,0.0,-0.11157959699630737
18.66866797208786,-0.2926927525550127,0.4756790120154619,0.0,0.0,-0.11157959699630737
-1.5814471954200826e-07,1.1303443736565555e-07,0.4756790120154619,0.0,-0.0,1.8100148116428905e-11
-286.08694076538086,-360.5520725250244,0.4756790120154619,0.0,-0.0,1.4926248788833618
-0.0029838776754331775,0.0021324965928215533,0.4756790120154619,0.0,-0.0,0.0006139709148555994
-1.0763795115053654,-0.7782257627695799,0.4756790120154619,0.0,-0.0,0.02347513847053051
-0.03412291407585144,-0.005729367694584653,0.4756790120154619,0.0,-0.0,6.433342059608549e-05
-158.82833003997803,136.61301136016846,0.4756790120154619,0.0,-0.0,-3.124725103378296
1.7267732799197688e-07,1.7842602395568008e-09,0.4756790120154619,0.0,0.0,-8.974088833157978e-11
3.5129837691783905,2.1665215492248535,0.4756790120154619,0.0,-0.0,0.12253224104642868

18.66866797208786,-0.2926927525550127,0.4756790120154619,0.0,0.0,-0.11157959699630737
18.66866797208786,-0.2926927525550127,0.4756790120154619,0.0,0.0,-0.11157959699630737
-0.0004976951913704397,-1.1651790643441018e-10,0.4756790120154619,0.0,0.0,-4.702995770600182e-10
-0.03412291407585144,-0.005729367694584653,0.4756790120154619,0.0,-0.0,6.433342059608549e-05
9.209870199811121e-06,2.482953931348675e-06,0.4756790120154619,0.0,-0.0,1.4826196093054023e-07
1691.097640991211,28443.6279296875,0.4756790120154619,0.0,-0.0,1.7218822240829468
3.7301741540431976,2.3116614669561386,0.4756790120154619,0.0,-0.0,0.0411672405898571
-554125.244140625,724.7289180755615,0.4756790120154619,0.0,-0.0,1.6916569471359253
-101.54497623443604,-0.06241162191145122,0.4756790120154619,0.0,0.0,-0.0003880741714965552
9.887675105346716e-05,2.6936746166938974e-06,0.4756790120154619,0.0,-0.0,1.327226151204286e-08

